conceptions 			[-4.61657604e-04  1.98939516e+03  3.67141982e-01  4.67857933e-04]
transition 			[-4.75702250e-05  1.99326097e+03  1.78643719e+01  5.45960900e-05]
serves 			[-7.35832764e-05  1.99159578e+03  4.15558075e+00  8.99706689e-05]
counter 			[-2.46811141e-05  1.99329060e+03  1.59467417e+00  2.91188218e-05]
unlikely 			[-2.39246590e-04  1.99870240e+03 -1.16431824e-01  2.47927440e-04]
money 			[1.75004468e-04 1.99234253e+03 2.16281361e+00 3.94775009e-05]
jefferson 			[-4.18698227e-05  1.99495340e+03  1.16317050e+01  5.15323094e-05]
allied 			[-7.17477755e-05  1.98863606e+03  5.57815379e-01  7.71605981e-05]
identified 			[6.17481479e-05 1.98951164e+03 4.69295691e-01 1.57913735e-06]
collective 			[-3.04347279e-04  1.99500320e+03  5.17632746e-01  3.74620499e-04]
critique 			[-1.76393439e-04  1.98915494e+03  5.92751085e+00  2.08262639e-04]
prepolitical 			[-2.79503755e-04  1.98881299e+03  4.80210165e-01  2.78749315e-04]
extremes 			[3.38994375e-05 1.99605396e+03 9.62335264e+00 2.34125596e-06]
sorts 			[-1.23989892e-04  1.99651662e+03  1.62379984e+00  1.52659692e-04]
independence 			[-9.68625779e-05  1.99494325e+03  1.07954477e+01  1.20076807e-04]
character 			[-4.93648079e-04  1.98943828e+03  1.82381781e-01  4.92130753e-04]
outgrowth 			[-7.69296192e-05  1.98896304e+03  8.55340481e+00  9.08242264e-05]
discern 			[-5.28499600e-05  1.99007701e+03  1.05010130e+01  5.89319818e-05]
amendment 			[-4.62321812e-04  1.99609802e+03  1.21099523e+01  5.65749530e-04]
stakes 			[ 4.14830265e-05  1.99133308e+03  3.43913885e-01 -4.46371666e-06]
statutory 			[-1.41704794e-03  1.99015979e+03  1.51303986e+01  1.66394683e-03]
marketplace 			[-6.10340217e-05  1.99596768e+03  2.95976440e+01  6.81521995e-05]
aggressive 			[-1.76892532e-04  1.99086605e+03  2.04268876e+00  2.17243267e-04]
legality 			[-1.13394456e-04  1.98984873e+03  3.02165832e+01  1.22299898e-04]
barrier 			[-3.22916878e-05  1.99694757e+03  1.08425359e+01  3.92970468e-05]
cost-benefit 			[4.71344887e-04 1.99502626e+03 3.34959203e+01 5.06781341e-05]
construction 			[-5.76435560e-04  1.99022326e+03  1.45827364e+01  6.40570252e-04]
statutes 			[-1.26545367e-03  1.99081361e+03  1.51458573e+01  1.46135330e-03]
defeated 			[-2.84378455e-05  1.99305156e+03  1.31892713e+00  3.18224603e-05]
accorded 			[-3.56002131e-05  1.99294920e+03  1.44359010e+01  3.88374785e-05]
immunized 			[-2.77834428e-05  1.99497347e+03  1.16503362e+01  2.91195740e-05]
origin 			[-2.51073513e-05  1.99787047e+03  1.94905112e+01  2.96879277e-05]
controls 			[-2.73723604e-04  1.99296328e+03  1.82217963e+00  3.31075282e-04]
salutary 			[-5.41074653e-05  1.99710205e+03  1.03754895e+01  6.36497572e-05]
continuous 			[-1.79383987e-05  1.99583536e+03  1.06477283e+01  2.05343818e-05]
annual 			[8.67739654e-05 1.99045261e+03 3.20084697e-01 9.57669039e-06]
people 			[ 4.19471514e-03  1.99275906e+03  4.15933225e-01 -3.12886284e-05]
politics 			[-7.06546879e-04  1.99195383e+03  3.96314629e-01  7.47494148e-04]
confirmation 			[-4.62549463e-05  1.99291253e+03  2.59016834e+01  5.58753745e-05]
implement 			[-1.20115723e-04  1.99002353e+03  6.08757260e-01  1.38572991e-04]
congressional 			[-4.61960738e-04  1.99041746e+03  8.86203574e-01  5.63171173e-04]
asking 			[9.78116157e-05 1.99721581e+03 3.03370259e-01 1.63803253e-05]
prohibit 			[-3.35563592e-05  1.99583126e+03  2.87063138e-01  3.61402811e-05]
changed 			[-1.73145273e-04  1.99401535e+03  4.65160306e-01  1.98795680e-04]
notion 			[-2.99464379e-04  1.99877777e+03  3.42150557e-01  3.04322811e-04]
irrationality 			[-1.28169636e-04  1.99194531e+03  1.24416042e+01  1.44131838e-04]
judgments 			[8.13734047e-04 1.99261843e+03 1.50448829e+00 1.78586865e-04]
weakened 			[1.64023716e-05 1.99504451e+03 2.50515260e+01 3.21674952e-06]
influences 			[1.40023100e-04 1.99876363e+03 2.14247695e+00 1.92315001e-05]
media 			[7.31849726e-05 1.99101336e+03 2.46512755e+01 1.56850766e-05]
believe 			[7.98236742e-04 2.00097818e+03 1.69488124e-01 1.07414236e-04]
constitutionalism 			[-1.57991598e-04  1.99471988e+03  9.14423466e-01  1.84006416e-04]
commissioners 			[-1.89075742e-05  1.99497241e+03  2.88538285e+01  2.02955723e-05]
neglect 			[1.58913998e-04 2.00002772e+03 1.49776715e+01 1.03924342e-05]
misconduct 			[4.80309311e-05 1.99661271e+03 3.59705084e+01 4.09869840e-06]
securities 			[-6.85970861e-05  1.98907320e+03  1.70662714e+01  8.18193163e-05]
executor 			[-2.28659011e-05  1.99603155e+03  1.93267251e+00  2.26395088e-05]
text 			[-6.82873740e-04  1.99430394e+03  4.83133236e-01  8.25581127e-04]
factions 			[-1.86817960e-05  1.99899066e+03  1.85167930e+01  1.89768219e-05]
neutral 			[-1.52520932e-04  1.99399939e+03  1.62440738e+01  1.71608377e-04]
reconstruction 			[-6.75717609e-05  1.99080200e+03  2.76824397e+01  7.39539101e-05]
federalism 			[-1.19162019e-04  1.99188466e+03  1.65367997e+01  1.34082041e-04]
harv 			[-5.20027391e-04  1.98884349e+03  4.06499933e-01  5.74475871e-04]
rev 			[-1.72004766e-03  1.98818616e+03  3.24561330e-01  2.14595458e-03]
421 			[-8.54649807e-05  1.99098932e+03  2.09960470e+01  9.45193009e-05]
1987 			[-7.12022667e-04  1.99023916e+03  1.15590691e+00  8.07488192e-04]
j. 			[-1.03646910e-03  1.99014766e+03  7.05968038e-01  1.26345177e-03]
272 			[-2.96484272e-05  1.99496171e+03  9.97658297e+00  3.39679943e-05]
u.s. 			[-2.35724723e-03  1.99093718e+03  5.67789757e-01  2.65712412e-03]
brandeis 			[-2.71805231e-05  1.99677912e+03  1.21077831e+01  2.79345675e-05]
trans 			[ 4.32110307e-05  1.99106043e+03 -8.80144415e+00  7.28568438e-06]
1976 			[-3.28723790e-04  1.98856787e+03  3.79360089e-01  3.58522707e-04]
a. 			[8.25308210e-04 2.00099168e+03 2.95724909e+01 1.87210629e-04]
subordinate 			[-3.72406401e-05  1.99011215e+03  4.65788038e-01  4.08679248e-05]
1981 			[-2.41884017e-04  1.99077824e+03  1.68176343e+00  2.83709813e-04]
1975 			[-1.31959368e-04  1.99146859e+03  5.97642395e-01  1.51972008e-04]
supra 			[-3.47616487e-03  1.98858317e+03  4.70715959e-01  4.22133077e-03]
message 			[-4.81088758e-05  1.99590791e+03  1.00136361e+01  6.00447003e-05]
cong 			[-3.93127568e-05  1.99894632e+03  1.49589176e+01  4.32278233e-05]
january 			[2.50123372e-04 2.00042747e+03 1.39217263e+00 1.87174326e-05]
accompanying 			[-3.58665927e-04  1.99498119e+03  6.50525129e-01  3.82878392e-04]
s. 			[-5.59818916e-04  1.99164080e+03  1.43561639e+00  6.57938224e-04]
1984 			[-4.92260870e-04  1.98899196e+03  1.59693650e+01  5.79711576e-04]
1955 			[-3.04283943e-05  1.99136382e+03  6.96355231e-01  3.72024116e-05]
reformation 			[-5.19782066e-05  1.99684417e+03  1.08821202e+01  5.12090794e-05]
corp. 			[-1.54175847e-04  1.99091118e+03  1.37652399e+01  1.70154245e-04]
f.2d 			[-5.36375799e-04  1.99001639e+03  2.39850812e+01  6.08754439e-04]
d.c. 			[-3.74096770e-04  1.99005626e+03  1.22618066e+01  4.05480773e-04]
cert 			[-8.76607504e-05  1.98997401e+03  2.47629886e+01  9.77359889e-05]
denied 			[-1.42249598e-04  1.99189925e+03  3.85855795e-01  1.57337718e-04]
1974 			[-1.15340355e-04  1.99177721e+03  4.15659673e-01  1.25035306e-04]
ass'n 			[-1.49572211e-04  1.99008496e+03  1.32304114e+01  1.59837350e-04]
co. 			[-3.07669224e-04  1.99089212e+03  1.32331960e+01  3.62683643e-04]
1983 			[-4.16496103e-04  1.99047138e+03  4.62502011e-01  4.54529611e-04]
melnick 			[-5.08851783e-05  1.99153197e+03  1.19490558e+00  5.27771020e-05]
comm'n 			[-6.07228880e-05  1.99083705e+03  1.24799493e+01  6.19410066e-05]
831 			[-3.52463472e-05  1.99003873e+03  2.43113452e+01  4.00905764e-05]
1978 			[-1.73016391e-04  1.99213305e+03  6.52789525e-01  2.12219335e-04]
655 			[-2.33778450e-05  1.99189293e+03  4.15465488e+00  2.83607869e-05]
traced 			[-3.63466345e-05  1.99027457e+03  4.94540684e-01  4.27857164e-05]
yankee 			[-1.86722936e-05  1.99688880e+03  1.13753117e+01  2.10556624e-05]
u.s.a. 			[-3.62055930e-05  1.99099446e+03  2.14935349e+01  4.22539863e-05]
467 			[-9.16135441e-05  1.99054981e+03  4.53531112e+00  1.08737487e-04]
837 			[-4.34513825e-05  1.99090954e+03  1.16732979e+01  5.28481001e-05]
notes 			[-3.56397926e-04  1.99347718e+03  5.65029482e-01  4.27895341e-04]
allen 			[-1.84014285e-04  1.98891400e+03  2.41064370e+01  1.96868855e-04]
468 			[-1.53012867e-04  1.98978004e+03  4.47665260e-01  1.52502092e-04]
1952 			[-1.42377340e-05  1.99452935e+03  3.67675167e+01  1.77438635e-05]
reprinted 			[-3.77559242e-05  1.99569491e+03  4.09071337e+00  4.55955767e-05]
§ 			[-5.16594757e-04  1.99123986e+03  3.19866270e-01  5.79295724e-04]
exec 			[-3.08091252e-05  1.99647055e+03  3.87134927e+01  3.43037903e-05]
olson 			[-3.44409461e-05  1.99499187e+03  1.28548145e+01  4.14961121e-05]
strauss 			[-1.33583134e-04  1.99317256e+03  5.62924280e-01  1.53579289e-04]
§§ 			[-1.12398068e-04  1.99366694e+03  2.65283603e-01  1.08398625e-04]
mashaw 			[-1.20805292e-04  1.99090552e+03  2.85413896e+01  1.31696326e-04]
hassler 			[-3.99276022e-05  1.99193637e+03  1.08978272e+01  4.36026605e-05]
rec 			[-2.08568543e-05  1.99998685e+03  1.75465865e+01  2.09870527e-05]
buckley 			[-5.67892590e-05  1.99541263e+03  4.63791663e+00  5.98397538e-05]
424 			[-8.37895308e-05  1.99015384e+03  3.89315022e-01  8.58145795e-05]
285 			[-2.88713379e-05  1.99211014e+03  9.32125152e-01  3.25432217e-05]
post-new 			[-3.30861527e-05  1.99097752e+03  1.69667604e+01  3.86702816e-05]
expert 			[1.19996316e-04 1.99601885e+03 2.69547789e+01 2.70917064e-05]
optimism 			[1.01754055e-04 1.99983505e+03 3.81588807e-01 4.19051003e-06]
dealers 			[-2.54670090e-05  1.99251512e+03  3.99456587e+01  2.99969503e-05]
elderly 			[3.43525196e-05 1.99846616e+03 6.81678424e-01 5.79110484e-06]
medical 			[1.46608455e-04 1.99399879e+03 2.91866686e-01 1.76994175e-05]
enjoy 			[5.63004926e-05 1.99896836e+03 2.05497815e+01 1.31569909e-05]
entities 			[-8.14278513e-05  1.99101726e+03  1.68802775e+01  9.62108518e-05]
size 			[6.67347675e-05 1.99682843e+03 1.58688097e+01 1.14476413e-05]
notions 			[-1.25540452e-04  1.99175925e+03  6.14780090e-01  1.33980608e-04]
powerfully 			[-3.18679499e-05  1.99213123e+03  6.88637901e+00  3.72555976e-05]
instructions 			[-2.08694078e-04  1.99088675e+03  2.60968917e+01  2.45465118e-04]
remains 			[ 2.68762631e-04  1.99326786e+03 -8.04826919e-06 -4.34589125e-05]
unsurprising 			[-5.30341941e-05  1.98953542e+03  1.76600780e+00  6.10816762e-05]
embrace 			[-3.59035920e-05  2.00242271e+03 -5.31553128e-01  4.24376994e-05]
poses 			[-3.07878947e-05  1.99386023e+03  3.17777881e+00  3.70465278e-05]
attention 			[3.41818381e-04 1.98991529e+03 8.88272934e-01 8.13922731e-06]
republicanism 			[-2.85344626e-04  1.99120887e+03  1.40203934e+01  2.97943114e-04]
realm 			[-4.09056709e-05  1.99432865e+03  3.42274373e+00  4.87512454e-05]
participation 			[-3.00657935e-04  1.98810996e+03  3.54610392e-01  3.28719889e-04]
pathologies 			[-3.29612625e-05  1.99097636e+03  3.20602695e+01  4.09693904e-05]
moderately 			[2.38185055e-05 1.99815940e+03 1.41099908e+01 2.64738530e-06]
explores 			[4.69233223e-05 2.00028381e+03 7.13527987e-01 1.13694779e-05]
backdrop 			[-5.19985238e-05  1.99169748e+03  1.65545976e+00  5.68025422e-05]
classical 			[-1.04464351e-04  1.99101783e+03  2.30003257e+01  1.15765471e-04]
fragmentation 			[1.73050147e-05 1.99893503e+03 1.34689165e+01 1.40838742e-06]
diminish 			[-3.57368876e-05  2.00028333e+03  4.88343045e-01  4.00352012e-05]
enacting 			[-9.10520800e-05  1.98996139e+03  2.51704356e+01  1.06323833e-04]
versus 			[1.09937219e-04 1.99990746e+03 2.90870265e-01 1.27604061e-05]
intended 			[-2.86201199e-04  1.99185248e+03  1.73836457e-01  3.42905997e-04]
sphere 			[-8.89503355e-05  1.99436358e+03  2.41595727e+00  1.09013586e-04]
characterized 			[-7.53246276e-05  1.99512416e+03  3.38280203e-01  9.00043388e-05]
category 			[-1.99341637e-04  2.00089537e+03  3.82617934e-01  2.26142916e-04]
traders 			[3.99430350e-05 2.00305019e+03 1.10303028e+01 3.77696313e-06]
nomination 			[-3.66320083e-05  1.99259461e+03  3.25540240e+01  3.89482892e-05]
partisanship 			[-3.67155192e-05  1.99301172e+03  2.54461538e+01  4.35551446e-05]
neutrality 			[-3.04614817e-04  1.99300630e+03  2.55755020e+01  3.21536700e-04]
continuity 			[-3.72523566e-05  1.99177080e+03  2.00023131e+00  4.12571720e-05]
interest-group 			[-1.75399688e-04  1.98908654e+03  2.29811071e-01  1.86939390e-04]
deals 			[-1.80613491e-04  1.98992913e+03  3.01887496e+01  2.11927404e-04]
low-probability 			[2.98131181e-05 2.00064103e+03 3.30081552e+01 5.23919515e-06]
events 			[8.41232540e-05 1.99185837e+03 5.38633371e-01 2.65225024e-06]
highway 			[5.40138180e-05 1.99833742e+03 3.56671269e+01 9.14847445e-06]
accidents 			[6.19323890e-05 1.99600728e+03 1.30125872e+01 6.94698473e-06]
perpetuate 			[-3.02106709e-05  1.99199031e+03  1.20473399e+01  3.56825072e-05]
experts 			[2.33686655e-04 1.99729390e+03 1.02943477e+00 8.95049901e-06]
equipped 			[-1.68466315e-05  1.99903971e+03  9.53342457e+00  2.01210586e-05]
arena 			[-2.52809455e-05  2.00132762e+03  4.13229557e-01  2.30156880e-05]
valuation 			[-2.09985272e-04  1.99246347e+03 -3.52705606e+01  2.25957840e-04]
granted 			[-7.79300679e-05  1.99932161e+03  7.82298793e-01  8.98647824e-05]
bureaucratic 			[-2.35222120e-05  1.99780483e+03  6.27140771e+00  2.61578409e-05]
award 			[1.14084506e-04 1.99637512e+03 4.26165539e+01 2.05752721e-05]
distorting 			[-2.00913465e-05  1.99445375e+03  6.71411516e-01  2.46818807e-05]
carcinogens 			[-5.53462895e-05  1.99182580e+03  2.82070862e+00  6.45738442e-05]
approached 			[-3.30022500e-05  1.99076338e+03  5.57923228e-01  3.71415628e-05]
predictable 			[5.25716877e-05 1.98905720e+03 2.61965237e+01 1.29900496e-05]
clause 			[-1.21144519e-03  1.98823341e+03  3.02243843e-01  1.40073976e-03]
pre-new 			[-3.65199837e-05  1.99441770e+03  8.29308935e-01  3.71872974e-05]
findings 			[1.45961733e-04 1.99600004e+03 3.16248381e+01 1.52644248e-05]
invisible 			[-5.00964760e-05  1.99093827e+03  1.40366651e+01  6.23073665e-05]
imposition 			[-4.22080968e-05  1.99393151e+03  1.86303668e+00  5.12810093e-05]
structures 			[-3.49484965e-05  1.99499265e+03  2.61247656e+01  4.09464456e-05]
commissions 			[5.02950376e-05 1.99943470e+03 1.90254348e+00 8.16502284e-06]
plan 			[2.06868121e-04 2.00200685e+03 1.36231209e+01 4.74160135e-05]
spend 			[6.90201122e-05 1.99350312e+03 5.66410198e-01 9.34877931e-06]
considered 			[-1.43921662e-04  2.00365769e+03  5.59860568e-01  1.46787600e-04]
comparative 			[-5.41929165e-05  2.00307548e+03  5.78928621e-01  5.61421606e-05]
disadvantages 			[-2.94609114e-05  1.99500824e+03  3.44150325e+01  3.44512350e-05]
vindicate 			[-6.96274012e-05  1.99294007e+03  9.81854671e+00  8.51921216e-05]
puzzle 			[3.35759001e-05 1.98911734e+03 7.20118115e-01 5.30579825e-06]
1940 			[-3.23433140e-05  1.99206777e+03  9.11353198e+00  3.58419194e-05]
attitude 			[2.95721088e-05 1.99489040e+03 1.09612199e+00 6.50002387e-06]
urge 			[1.12954462e-04 1.99682261e+03 3.71287759e-01 5.26663479e-06]
employees 			[3.81644948e-04 1.99906175e+03 2.56157917e+01 4.43725718e-05]
reveals 			[-5.15142027e-05  1.99096103e+03  1.53970174e+00  6.40954727e-05]
biases 			[1.43659364e-04 2.00015374e+03 5.14084281e-01 2.34840719e-05]
external 			[-4.16840526e-05  2.00194248e+03  9.21479589e+00  4.24464934e-05]
analyses 			[4.04064707e-05 1.99572473e+03 2.45935013e+00 7.93642442e-06]
variation 			[5.06892103e-05 2.00252986e+03 3.39336832e-01 6.16501019e-06]
accord 			[-4.67070108e-05  1.99053025e+03  6.97888161e-01  5.64064556e-05]
carcinogen 			[-2.91711866e-05  1.99170212e+03  3.10070297e+00  3.36212572e-05]
aim 			[2.20994372e-05 1.98904683e+03 1.95587283e-01 1.08052890e-06]
antidiscrimination 			[-7.34086901e-05  1.99489557e+03  1.00147049e+01  8.05124743e-05]
exclusively 			[-3.81378215e-05  1.99515661e+03  7.84760447e-01  4.09239436e-05]
fidelity 			[-4.14683994e-05  1.99499703e+03  2.86292158e+01  5.06763979e-05]
deference 			[-4.29736747e-04  1.99089370e+03  2.74436028e+01  5.14454369e-04]
defer 			[-9.58329221e-05  1.99035157e+03  3.03809640e+01  1.19770464e-04]
define 			[-6.11604409e-05  1.99519422e+03  2.19983007e-01  7.34058874e-05]
mean 			[2.83073010e-04 1.98971410e+03 5.98012919e-01 7.05539344e-05]
errors 			[1.61577404e-04 1.99602876e+03 1.32197542e+01 3.10691066e-05]
impermissible 			[-1.01856375e-04  1.99398513e+03  1.22169823e+01  1.11990378e-04]
insurance 			[7.62792836e-05 1.99950145e+03 2.14463681e+00 1.37389599e-05]
automatic 			[6.96390103e-05 2.00201300e+03 1.24495825e+01 7.59117512e-06]
driving 			[6.76455195e-05 1.99651291e+03 3.34523261e+00 6.97246543e-06]
imagine 			[2.23152070e-04 1.99738458e+03 3.67555756e-01 5.18028131e-05]
specialists 			[2.20565863e-05 2.00002841e+03 1.33998774e+01 4.76199265e-06]
standing 			[-1.47224277e-03  1.99093301e+03  3.76511043e-01  1.51873240e-03]
redress 			[-1.11265085e-04  1.99069883e+03  4.92459210e-01  1.12900326e-04]
availability 			[5.37269961e-04 2.00157470e+03 3.05889573e-01 3.13698524e-05]
cognizable 			[-1.45352256e-04  1.98889405e+03  2.25362741e+01  1.55806817e-04]
systemic 			[-1.23211297e-04  1.99212313e+03  2.13977256e+00  1.47412656e-04]
injuries 			[-1.28548559e-04  1.99595593e+03  2.86156845e-01  1.34168183e-04]
hypothesis 			[1.20603103e-04 1.99775003e+03 2.52803623e-01 1.08394045e-05]
threshold 			[4.27404957e-05 1.99700241e+03 1.72617489e+01 9.82462697e-06]
unfairness 			[2.06094256e-05 1.99605668e+03 9.22156045e+00 4.00497828e-06]
suits 			[-1.13020866e-04  1.99390332e+03  2.44463457e+01  1.39470710e-04]
told 			[4.98488177e-05 1.99409102e+03 5.08589547e-01 1.22318659e-05]
delaney 			[-1.06404144e-04  1.99090414e+03  2.45933981e+01  1.20736111e-04]
drinking 			[1.02311026e-04 1.99929832e+03 2.70197198e+00 1.19413574e-05]
desires 			[-1.77484257e-04  1.99266020e+03  2.59415665e+00  1.99735902e-04]
accuracy 			[6.11862299e-05 1.99950635e+03 3.78169080e-01 3.46074311e-06]
choosing 			[8.87126213e-05 1.99801273e+03 3.41932381e-01 1.54228885e-05]
composition 			[3.47278415e-05 2.00200893e+03 3.27430824e+01 8.22827998e-06]
beneficiary 			[-2.57656799e-05  1.99311221e+03  2.22025297e+01  2.92716732e-05]
incompatible 			[-2.43683567e-05  1.99384589e+03  5.64765552e-01  2.88272660e-05]
illegal 			[-2.67399989e-05  1.99880928e+03  1.10124807e+01  2.98114392e-05]
appointment 			[-5.23606860e-05  1.99491726e+03  1.15408359e+01  6.10852292e-05]
norm 			[-1.53836075e-04  1.99697834e+03  2.64700181e+01  1.89731527e-04]
inclined 			[5.64829892e-05 1.99932436e+03 2.64483666e+00 8.74882598e-06]
distributed 			[2.53368006e-05 1.99406051e+03 2.60238918e+01 4.79445550e-06]
expression 			[-2.32105760e-04  1.99525703e+03  2.36892688e+00  2.55617279e-04]
appropriations 			[-8.84114235e-05  1.99059413e+03  3.14486079e+01  9.42119246e-05]
prohibits 			[-2.43103283e-05  1.99416058e+03  2.68807239e+01  2.61130599e-05]
interpretive 			[-7.45596283e-04  1.99094412e+03  1.45043396e+01  8.46962704e-04]
domain 			[2.10441670e-04 2.00206333e+03 9.18419196e-01 4.33584539e-05]
revival 			[-5.77756063e-05  1.99131264e+03  5.87156783e+00  6.35705226e-05]
indeterminacy 			[-5.52815232e-05  1.98988366e+03  2.72946214e+01  6.31319513e-05]
traceable 			[-4.72022462e-05  1.99097039e+03  2.68334247e+01  5.10362342e-05]
ftc 			[-3.62737038e-05  1.99073267e+03  2.99051073e+01  4.25607271e-05]
founders 			[-3.40418885e-05  1.99838905e+03  1.06484633e+00  3.74056053e-05]
trespass 			[-4.29383049e-05  1.99398647e+03  1.79315376e+01  4.35939500e-05]
prohibiting 			[-5.86180941e-05  1.98958752e+03  2.58388972e-01  6.48655907e-05]
blacks 			[-1.74263625e-04  1.99496272e+03  1.36794699e+01  1.81664526e-04]
women 			[-5.79942248e-04  1.99499216e+03  1.47197052e+01  7.15863496e-04]
reproductive 			[-8.25972178e-05  1.99293410e+03  3.54859493e+01  9.62699744e-05]
abortion 			[-2.60651013e-04  1.99517088e+03  1.13253866e+00  2.99748016e-04]
oppression 			[-5.03167938e-05  1.99195110e+03  3.92070475e+01  5.08756654e-05]
spheres 			[-5.46884001e-05  1.99501669e+03  1.38451903e+01  5.90760634e-05]
prescriptive 			[4.85612866e-05 1.99607189e+03 1.50729524e+01 1.86871727e-06]
shifting 			[-2.12711833e-05  1.99585800e+03  4.07338069e-01  2.46698829e-05]
compel 			[-9.17233168e-05  1.99019039e+03  7.64931718e-01  9.90485898e-05]
ceilings 			[1.37685542e-05 1.99500769e+03 2.66012464e+01 1.08250414e-06]
income 			[2.23959192e-04 1.99556145e+03 3.27808212e-01 3.58896855e-06]
optimal 			[1.14719047e-04 1.99680370e+03 1.27437982e+01 2.12517493e-05]
judge-made 			[-2.80778041e-05  1.99747254e+03  3.58942081e-01  2.69028922e-05]
blind 			[3.47237884e-05 1.99812010e+03 1.14820727e+01 7.11816598e-06]
elimination 			[-2.79848781e-05  1.99697989e+03  7.35760398e-01  3.35827549e-05]
optimistic 			[5.99314566e-05 1.99724687e+03 8.35763251e-01 9.20313849e-06]
september 			[3.62306109e-04 2.00071461e+03 2.08721988e+00 1.94742165e-05]
i. 			[-3.22761343e-05  1.99098851e+03  3.07383628e-01  3.99219151e-05]
minow 			[-5.57555823e-05  1.98898750e+03  2.52170659e+01  6.61297282e-05]
posner 			[6.71148514e-04 2.00069917e+03 2.89263557e+00 1.37885628e-04]
sullivan 			[-7.24379009e-05  1.99418107e+03  8.58711491e+00  8.06344832e-05]
daniel 			[2.62670986e-04 1.99789826e+03 5.64701974e-01 1.87365732e-05]
stylized 			[1.97338205e-05 1.99618762e+03 5.85761135e-01 2.05448301e-06]
1966 			[-5.00351262e-05  1.99229614e+03  2.88479000e+00  5.41486943e-05]
1969 			[-6.09480766e-05  1.99441050e+03  1.68993405e+00  7.04894366e-05]
infra 			[-8.40520465e-04  1.98871185e+03  2.40942106e-01  8.33368874e-04]
implied 			[-1.37753913e-04  1.99002445e+03  2.28048495e+01  1.55865971e-04]
retirement 			[6.40649966e-05 2.00290882e+03 1.84629572e+01 1.39857157e-05]
507 			[-2.50419163e-05  1.99397489e+03  3.18131620e+01  2.64110404e-05]
pierce 			[-1.19071162e-04  1.99099207e+03  1.37229237e+01  1.23406767e-04]
june 			[1.83962137e-04 2.00057976e+03 3.14229089e+00 3.69267042e-05]
liberalism 			[-1.16632208e-04  1.99597558e+03  1.09098214e+01  1.23078328e-04]
numbers 			[2.10096647e-04 1.99739508e+03 9.72431299e-01 3.13070668e-05]
appointments 			[-6.28025243e-05  1.99291620e+03  2.92705439e+01  7.17900168e-05]
pluralist 			[-2.03274485e-04  1.98896280e+03  2.61722409e+01  2.04027983e-04]
cited 			[-2.69451055e-04  1.99794527e+03  1.30005991e+01  3.34603135e-04]
pocock 			[-1.82584211e-04  1.98890061e+03  2.56001684e+01  1.82954193e-04]
wood 			[-5.86600312e-05  1.98960870e+03  3.61852340e-01  5.89566852e-05]
van 			[-1.49091238e-05  1.99615722e+03  8.15396065e+00  1.78709804e-05]
actually 			[2.30809100e-04 1.99020617e+03 5.42733999e-01 4.54913086e-05]
consistency 			[-4.62157583e-05  2.00241715e+03  8.26616805e-01  3.89923743e-05]
o 			[1.60737102e-04 1.99709570e+03 2.64264919e+00 2.20923665e-05]
precommitment 			[-3.62228220e-05  1.99197025e+03  4.83428362e+01  4.32879126e-05]
paradox 			[-6.20807619e-05  1.99100507e+03  2.40622916e+01  7.54569124e-05]
1988 			[-4.43473324e-04  1.99415343e+03  8.48110844e-01  5.03298988e-04]
suggestion 			[ 3.08916113e-04  1.99503550e+03  1.82123336e-01 -2.91791067e-05]
save 			[9.75532055e-05 1.99502154e+03 1.96793814e+01 2.40164108e-05]
410 			[-7.69915192e-05  1.99040432e+03  3.65452647e-01  8.30152682e-05]
levi 			[ 1.55412327e-05  2.00199639e+03 -3.53835804e+01  1.95389969e-06]
attachment 			[-7.05886040e-05  1.99079011e+03  2.98756718e+01  7.05803102e-05]
expressed 			[-6.79985142e-05  2.00290322e+03  3.46352013e-01  7.09364584e-05]
ch 			[-7.56962778e-05  1.99437762e+03  3.59101217e+01  9.04464285e-05]
peltzman 			[-2.78565336e-05  1.99390810e+03  2.51329758e+01  2.88303741e-05]
integrity 			[-4.77558790e-05  1.99591895e+03  1.03871732e+01  5.76494493e-05]
kahneman 			[2.48635676e-04 1.99613416e+03 1.35417522e+01 1.39275270e-05]
slovic 			[3.11994373e-04 2.00000959e+03 1.36834705e+01 1.12980577e-05]
processing 			[-1.78220821e-04  1.98884273e+03  5.30058167e-01  1.94312038e-04]
cong. 			[-3.46015270e-05  1.99514417e+03  4.01541871e-01  3.56454764e-05]
1st 			[-2.58186727e-05  1.99614229e+03  1.45631210e+01  3.11939717e-05]
sess 			[-2.64592316e-05  1.99678738e+03  1.15722171e+01  3.08066353e-05]
1949 			[-3.98409121e-05  1.99060077e+03  1.69507417e-01  3.98495762e-05]
sentiment 			[-2.19553725e-05  1.99737683e+03 -3.26935810e+01  2.72017318e-05]
hat 			[1.22696702e-05 1.99843954e+03 3.76228308e+01 1.48356012e-06]
fiss 			[-3.26876416e-05  1.99404120e+03  1.65921961e+00  3.27246435e-05]
1954 			[-3.24657960e-05  1.99497515e+03  2.36217109e+01  3.53954250e-05]
mar 			[-2.65351021e-05  1.99699654e+03  1.64993385e+01  3.14072334e-05]
1942 			[4.11610488e-05 2.00115311e+03 2.64611181e+01 7.64208140e-06]
urging 			[2.45526778e-05 1.99298522e+03 1.12618521e+01 6.00157381e-06]
1946 			[-5.19544656e-05  1.98972654e+03  7.79373636e-01  5.53430704e-05]
listeners 			[-1.89336554e-05  1.99598316e+03  3.38021881e+01  2.01094059e-05]
interpreting 			[-1.38851305e-04  1.99093706e+03  1.50977452e+01  1.69423234e-04]
wartime 			[2.44035042e-05 2.00101725e+03 1.13459233e+01 2.70855316e-06]
surrounding 			[-8.21943960e-06  2.00293555e+03  2.18748174e+01  9.85018735e-06]
typically 			[ 1.76536114e-04  1.99735785e+03  1.54010317e-01 -1.67588972e-05]
million 			[3.20190891e-04 1.99571853e+03 4.46521852e+00 5.47204564e-05]
437 			[-3.57723218e-05  1.99090228e+03  1.30801176e+01  4.06217352e-05]
myth 			[-2.56345695e-05  1.99684476e+03  1.42380234e+01  2.77795807e-05]
senate 			[-2.25835994e-04  1.99397050e+03  2.59377264e+00  2.70622753e-04]
documents 			[-2.37864789e-05  1.99096609e+03 -2.31047332e+01  2.59534118e-05]
x 			[8.02913285e-05 1.99208080e+03 2.51027791e+01 1.16870043e-05]
watch 			[2.02566599e-05 1.99325966e+03 1.39531040e+00 4.23602052e-06]
sierra 			[-5.79618142e-05  1.98999577e+03  3.11089743e+01  6.10836404e-05]
395 			[-2.72617287e-05  1.99399183e+03  2.67239444e+01  3.33876044e-05]
aff 			[-4.64074989e-05  1.99505778e+03  1.18993088e+01  4.96870685e-05]
1972 			[-1.17854866e-04  1.99142364e+03  5.40333387e-01  1.42017078e-04]
dep't 			[-1.21331360e-04  1.99072859e+03  4.24922315e+00  1.29576035e-04]
afl-cio 			[-4.68664211e-05  1.98997125e+03  2.65061583e+01  5.20866844e-05]
petroleum 			[-1.01394486e-04  1.99097581e+03  1.59328654e+01  1.06090835e-04]
inst. 			[-7.53890175e-05  1.99081655e+03  1.74454037e+01  7.80743646e-05]
448 			[-9.32071350e-05  1.99091490e+03  1.17268968e+01  1.08280273e-04]
607 			[-5.69886688e-05  1.99094011e+03  1.33762030e+01  6.43137604e-05]
utility 			[7.85217510e-05 1.99247475e+03 4.76248576e+01 1.83964516e-05]
polluters 			[-3.42205564e-05  1.99613679e+03  8.95076703e-01  3.52370416e-05]
402 			[-3.32810272e-05  1.99119383e+03  1.05145804e+00  3.66266569e-05]
arguably 			[-3.36820408e-05  1.99015927e+03  1.08328931e+01  4.10665557e-05]
severity 			[7.43277986e-05 1.99698083e+03 2.95597489e+01 4.77788294e-06]
obstacles 			[-3.16400688e-05  1.99701782e+03  1.34649779e+01  3.78342127e-05]
trusted 			[2.42527039e-05 1.99490477e+03 1.01779887e+01 2.63036251e-06]
1958 			[-3.20546016e-05  1.99304522e+03  8.72165815e-01  3.75386741e-05]
defeat 			[-2.97692457e-05  1.99650925e+03  5.29940373e-01  3.38760551e-05]
domains 			[1.32956050e-04 2.00006781e+03 9.93258464e+00 1.09634270e-05]
primacy 			[-3.31176544e-05  1.99196587e+03  9.17848948e+00  3.82333825e-05]
s 			[2.65313236e-03 2.00066895e+03 4.26230240e-01 1.92913851e-05]
s.ct 			[-6.31949610e-05  1.99291986e+03  2.35917924e+01  6.62398588e-05]
480 			[-7.39453725e-05  1.99088724e+03  2.44812595e+01  7.88723460e-05]
marshall 			[-1.50780205e-04  1.99495917e+03  3.65336494e+00  1.71394174e-04]
damages 			[4.56414262e-04 1.99645605e+03 4.34570167e+01 2.43765678e-05]
ozone 			[6.15502655e-05 1.99800533e+03 2.08820194e+01 1.11333480e-05]
radiation 			[1.59005393e-05 1.99657801e+03 3.68533599e+01 2.49375299e-06]
464 			[-4.71909242e-05  1.98891649e+03  2.42779633e+01  5.31355126e-05]
347 			[-2.99860617e-05  1.99498333e+03  1.13439239e+01  3.46360232e-05]
397 			[-3.98098203e-05  1.99398273e+03  2.15760537e+01  4.78403116e-05]
eastern 			[-1.41577561e-04  1.99386382e+03  1.26853070e+01  1.64799631e-04]
426 			[-9.84920585e-05  1.98986769e+03  2.22953861e+01  1.09491964e-04]
490 			[-4.05481084e-05  1.99216912e+03  1.14384672e+00  4.57188922e-05]
exemptions 			[-4.42682803e-05  1.99100227e+03  2.43013507e+01  4.93095230e-05]
emergency 			[-3.07035702e-05  1.99085324e+03 -9.37187740e+00  3.29205668e-05]
webster 			[-4.17688564e-05  1.99499488e+03  1.83611613e+01  4.18940407e-05]
august 			[3.19180905e-04 1.99951626e+03 1.44682282e+00 9.38011156e-06]
348 			[-2.18746081e-05  1.99410700e+03  4.70926112e-01  2.52443298e-05]
additives 			[-6.38581041e-05  1.99056538e+03  3.10617866e+01  6.84179149e-05]
disposal 			[-1.43902955e-05  1.99695214e+03  1.13616558e+01  1.75943527e-05]
precision 			[1.31531726e-05 1.99608308e+03 1.01077911e+01 3.01916569e-06]
tradeoffs 			[7.83436027e-05 1.99572021e+03 3.31648839e+01 1.75708306e-05]
death 			[2.40733891e-04 1.99502268e+03 1.19244701e+01 4.56788906e-05]
reflections 			[-4.65911561e-05  1.98890507e+03  6.71581516e-01  5.19409162e-05]
bork 			[-9.10200203e-05  1.99456184e+03  1.19834717e+00  9.66686108e-05]
equivalent 			[5.52688398e-05 1.99269623e+03 9.20761714e-01 1.12902685e-05]
october 			[1.77058864e-04 2.00065916e+03 2.39936643e+00 1.21985328e-05]
jurors 			[ 8.83130354e-05  1.99604160e+03  1.93125143e+01 -1.05078164e-06]
polit 			[1.33136425e-05 1.99829324e+03 3.34563364e+01 1.30417480e-06]
r 			[7.32864289e-05 1.99707858e+03 2.49991960e+01 1.70880807e-05]
bankruptcy 			[-5.37385656e-05  2.00015075e+03 -1.01635358e+01  5.61776044e-05]
salary 			[2.90829589e-05 1.99901227e+03 2.92363680e+01 5.95732042e-06]
foreclose 			[-2.08610569e-05  1.99657396e+03  3.93957653e+01  2.49464839e-05]
apparently 			[1.12659072e-04 1.99022425e+03 7.77785983e-01 7.91682234e-06]
systematically 			[6.43692687e-05 1.99158756e+03 8.44915774e-01 4.67813853e-07]
id.at 			[1.74321269e-05 1.99733466e+03 4.52899516e+01 4.15875312e-06]
109 			[-1.72344553e-04  1.99088069e+03  2.59600277e+01  1.94156383e-04]
discharges 			[1.36616257e-05 1.99244676e+03 3.73217766e+01 1.44496904e-06]
construing 			[-6.56925231e-05  1.99095063e+03  2.36883668e+01  6.86516226e-05]
mode 			[-2.20644800e-05  1.99994680e+03  2.93417018e+00  2.29041471e-05]
employers 			[2.21969414e-04 1.99903195e+03 2.08423288e+01 5.50020484e-05]
july 			[1.99121161e-04 2.00050887e+03 1.42658276e+00 2.19913888e-05]
causation 			[-3.30176728e-04  1.98864522e+03  3.12440031e+01  3.49406645e-04]
roth 			[2.06575010e-05 1.99603178e+03 2.73981311e+01 1.92445180e-06]
harris 			[-4.01046913e-05  1.99273501e+03  1.71261139e+00  4.43141986e-05]
297 			[-3.38804264e-05  1.99440735e+03  6.44588517e-01  3.43866917e-05]
operations 			[1.54668351e-05 1.99531989e+03 5.85739151e-01 2.88812123e-06]
propositions 			[-2.37021624e-05  1.99915736e+03  1.02407441e+01  2.90018599e-05]
feminism 			[-1.84396153e-04  1.98890742e+03  2.59698403e+01  2.07734921e-04]
unmodified 			[-1.25000173e-04  1.98899534e+03  1.47955688e+01  1.31033454e-04]
citizenship 			[-1.19755914e-04  1.99485887e+03  9.32227274e-01  1.32461102e-04]
mcconnell 			[-4.55420435e-05  1.99161204e+03  1.36086885e+00  5.02002483e-05]
wrongful 			[8.66986019e-05 2.00311106e+03 2.79996146e+01 4.85882312e-06]
p 			[8.63726639e-05 1.99699383e+03 2.88258954e+01 5.19204809e-06]
2000 			[7.01996320e-04 1.99947162e+03 4.49437891e+00 3.12732295e-06]
537 			[-3.37306540e-05  1.98892692e+03  2.34464578e+01  4.01300919e-05]
edward 			[6.05534028e-05 1.99685396e+03 2.88100773e-01 4.21586998e-06]
conceived 			[ 3.39909968e-05  1.99831647e+03 -3.17766973e+00  7.19713744e-06]
scholars 			[2.35386391e-05 1.99186730e+03 9.22635862e+00 1.77956555e-06]
intriguing 			[2.55054183e-05 1.99090827e+03 1.88462739e+00 3.40477329e-06]
panel 			[3.33126094e-04 2.00207781e+03 3.02930957e+01 2.65528376e-05]
company 			[2.09605228e-04 1.99614781e+03 1.58170717e+01 4.25341342e-05]
sitting 			[1.05570655e-04 2.00204335e+03 2.78582176e+01 8.00684510e-06]
pick 			[1.73912658e-05 1.99310829e+03 1.11455231e+01 3.93291483e-06]
topic 			[6.21356076e-05 1.99578880e+03 1.24084051e+00 1.42808415e-05]
subjects 			[8.80860691e-05 1.99773655e+03 1.30947558e+01 1.59370922e-05]
half 			[ 6.43399748e-05  1.99484994e+03  1.83711348e-01 -1.40118249e-07]
graduate 			[1.63469066e-05 1.99693660e+03 1.02513652e+01 2.19387032e-06]
tomorrow 			[3.19351004e-05 2.00003438e+03 1.22136045e+01 1.77680371e-06]
frankfurter 			[-4.00429892e-05  1.99303699e+03  1.76293885e+01  4.62818354e-05]
speeches 			[-1.59251132e-05  1.99593686e+03  1.07235677e+01  1.86256588e-05]
modes 			[-2.32730541e-05  1.99770564e+03  9.32491863e-01  2.60570429e-05]
administering 			[3.57100345e-05 2.00213281e+03 1.28696002e+01 7.56744240e-06]
lion 			[-1.35701364e-05  1.99612575e+03  1.09577525e+01  1.66302512e-05]
appellate 			[2.74367633e-05 2.00103529e+03 1.83018669e+01 4.15484179e-06]
disagree 			[7.33678415e-05 1.99259298e+03 2.46694799e+00 1.74863221e-05]
table 			[9.61819293e-05 1.99505850e+03 1.23137717e+01 1.59296445e-05]
safer 			[2.54037574e-05 1.99504770e+03 1.89838094e+01 4.31963670e-06]
panels 			[1.39526025e-04 2.00203989e+03 2.32316984e+01 6.76774706e-06]
construe 			[-7.89734622e-05  1.99085610e+03  4.48355879e+00  8.82146236e-05]
count 			[1.05048906e-04 1.99200854e+03 3.10091626e-01 2.27182993e-05]
custom 			[3.02496215e-05 1.99902042e+03 1.85360284e+01 7.00043090e-06]
substitutes 			[1.79990524e-05 1.99267337e+03 2.11869589e+00 3.40198890e-06]
winter 			[-4.03236168e-05  1.99301539e+03  2.34600225e+01  4.44792610e-05]
disease 			[6.75037786e-05 1.99718304e+03 3.81303234e-01 1.02333215e-05]
voted 			[3.24931999e-05 1.99826136e+03 1.56322205e+00 5.24853072e-06]
web 			[1.82380535e-05 1.99910605e+03 4.21695849e+00 3.27761845e-06]
counting 			[2.36545761e-05 2.00044589e+03 4.75508887e+01 2.19125840e-06]
younger 			[9.36173462e-05 2.00200988e+03 1.44838040e+01 2.93085950e-06]
faculty 			[3.11692675e-05 1.98986816e+03 1.22856570e+01 6.22015063e-06]
stronger 			[3.71165315e-05 1.99297205e+03 5.91593898e-01 4.26434656e-06]
shares 			[6.57524790e-05 2.00305004e+03 1.00138321e+01 5.92997401e-06]
big 			[3.56202034e-05 1.99197704e+03 2.52519283e+01 5.19601985e-06]
want 			[2.47870713e-04 1.99084022e+03 2.81466974e-01 4.53280020e-05]
artificial 			[5.36844863e-05 2.00001142e+03 2.08681628e+01 1.30220741e-05]
thumb 			[3.06473538e-05 1.99810133e+03 5.32932492e-01 2.79721260e-06]
winning 			[3.02004502e-05 2.00026829e+03 8.13487454e-01 4.23863921e-06]
unobjectionable 			[-3.40491628e-05  1.99404667e+03  1.07452924e+01  3.88733426e-05]
mistakes 			[7.57507724e-05 1.99607848e+03 1.46721238e+01 1.35257425e-05]
interpreters 			[-3.09909830e-05  1.99457211e+03  8.43633753e-01  3.72845982e-05]
trust 			[7.15039071e-05 1.99603974e+03 1.05658823e+01 6.85372348e-06]
20 			[ 2.58257798e-04  1.99385440e+03  1.62981230e-01 -3.35900854e-05]
choose 			[3.73756459e-04 1.99998531e+03 2.14161896e-01 3.10412045e-05]
saving 			[6.84226284e-05 2.00217314e+03 2.82726039e+01 1.48973572e-05]
happen 			[5.12179013e-05 1.99598126e+03 6.34885740e-01 8.82098447e-06]
senator 			[-1.91104559e-05  2.00250429e+03  8.82817178e-01  1.59819580e-05]
cotton 			[1.93364728e-05 1.99603901e+03 1.24515133e+01 2.11727425e-06]
costbenefit 			[3.81224404e-05 1.99493696e+03 1.44047335e+01 1.66283115e-06]
adopting 			[3.93000854e-05 2.00297246e+03 7.46049648e-01 9.65792348e-06]
neglected 			[3.31171156e-05 1.99938003e+03 5.57785511e+00 3.65644020e-06]
signal 			[5.91927075e-05 1.99514526e+03 3.97178506e+00 7.46750488e-06]
learned 			[2.87391398e-05 1.99601792e+03 3.75725011e+01 6.32872456e-06]
texas 			[1.00080264e-04 2.00207545e+03 1.21561107e+01 1.95826131e-05]
expressing 			[1.33344285e-05 1.99058528e+03 3.69414040e-01 1.92331571e-06]
searching 			[3.15382205e-05 2.00202181e+03 4.06500366e+01 4.63999341e-06]
remaining 			[4.76988706e-05 2.00201216e+03 2.66238745e+01 7.65853722e-06]
chance 			[1.06479230e-04 1.99980508e+03 1.38822929e+00 2.41535433e-05]
particularized 			[-1.91027306e-05  1.99789292e+03  1.10535555e+01  2.21429959e-05]
scale 			[1.35582274e-04 1.99603456e+03 1.27726820e+01 1.68962769e-05]
gaps 			[-8.11709931e-05  1.99002136e+03  3.08306311e+01  9.81492915e-05]
friend 			[2.58015943e-05 1.99214091e+03 2.61931145e+01 6.37917852e-06]
figure 			[ 1.64681791e-04  1.99886435e+03  2.50736713e-01 -5.10473568e-06]
dying 			[2.82836449e-05 1.99510903e+03 2.51487056e+01 5.60953108e-06]
substances 			[-1.13935859e-04  1.99198223e+03  1.24710858e+01  1.38871671e-04]
send 			[-4.05088481e-05  1.99107626e+03  1.29483593e+01  4.68441294e-05]
sections 			[-1.43259616e-05  2.00194034e+03  9.63875232e+00  1.47363721e-05]
statistics 			[5.97861051e-05 2.00137629e+03 5.32537654e-01 1.17363689e-05]
games 			[2.25603179e-05 1.99608582e+03 5.78804635e-01 1.09429035e-06]
pornography 			[-3.94051997e-04  1.99532364e+03  1.53871710e+00  3.93952174e-04]
books 			[3.95510059e-05 1.99276665e+03 3.22790834e-01 6.06563490e-06]
harlan 			[-3.42022237e-05  1.99721598e+03  3.38213273e+00  3.51875898e-05]
thinks 			[6.32825200e-05 1.99318883e+03 5.82443381e-01 2.71207619e-06]
counts 			[5.86945811e-05 1.99103530e+03 2.97160376e+00 1.12310691e-05]
waive 			[3.36008372e-05 1.99942909e+03 3.30679607e+01 7.46247532e-06]
merit 			[9.39396591e-06 1.99105929e+03 9.70851166e+00 1.40033455e-06]
1930s 			[-2.46301939e-05  1.99287715e+03  1.81056475e+01  2.97893297e-05]
willing 			[3.72794735e-04 1.99998698e+03 4.04782590e-01 4.04953599e-05]
de 			[-2.04455372e-04  1.99006934e+03  1.45424888e+01  2.35015761e-04]
professors 			[6.09821843e-05 1.99814666e+03 2.69469178e+01 4.68456643e-06]
helps 			[1.24287041e-04 1.99032210e+03 8.27344522e-01 1.02950227e-05]
i.e. 			[2.95815310e-05 1.99740921e+03 3.91447225e+01 3.18080809e-06]
ruling 			[1.52219905e-04 2.00200914e+03 1.32989591e+01 3.48367508e-05]
prevail 			[-6.65205718e-05  1.99095586e+03  1.03174469e+01  7.58487033e-05]
471 			[-2.64417462e-05  1.99393446e+03  1.23499036e+01  3.20749461e-05]
401 			[5.09466293e-05 2.00202985e+03 1.63832007e+01 8.35365385e-06]
wade 			[-4.58676817e-05  1.99795766e+03  1.54771507e+01  5.50576932e-05]
modem 			[-1.15630840e-04  1.99647575e+03  7.42902980e+00  1.39523466e-04]
formed 			[-2.81217468e-05  1.99186651e+03  1.07594680e+01  3.45217863e-05]
bakke 			[-3.71947533e-05  1.99698709e+03  1.50838676e+01  3.80785815e-05]
compulsory 			[-1.29878674e-04  1.99093383e+03  2.55471976e+01  1.46700362e-04]
exploitation 			[-2.70297848e-05  1.99188130e+03  2.46616569e+01  3.34145037e-05]
lose 			[6.28452771e-05 1.99578236e+03 4.14413357e-01 6.56627910e-06]
subsidies 			[2.94008127e-05 1.98987535e+03 1.17895055e+01 3.08932034e-06]
paternalistic 			[5.08657231e-05 2.00201105e+03 1.93817973e+01 9.35487745e-06]
paternalism 			[2.51733043e-04 2.00207579e+03 2.59719470e+01 2.58429090e-05]
transfers 			[-5.80034802e-05  1.99065700e+03  6.43054968e+00  6.15020828e-05]
public-regarding 			[-5.62703143e-05  1.99087712e+03  2.43535485e+01  5.75824290e-05]
impermissibly 			[-3.77616110e-05  1.99399555e+03  1.20450650e+01  3.69431396e-05]
pluralism 			[-1.45307370e-04  1.98888327e+03  2.70167900e+01  1.62229975e-04]
readers 			[3.78641239e-05 1.99820488e+03 5.55105582e-01 9.16120622e-06]
damaging 			[2.16205177e-05 1.99089837e+03 8.97573725e+00 2.22996527e-06]
existed 			[-3.01555166e-05  1.99415208e+03  9.73718940e+00  3.71362583e-05]
bodily 			[-2.06113963e-05  1.99793286e+03  2.51728661e+01  2.53743634e-05]
messages 			[ 1.19533702e-05  2.00398622e+03 -2.90532146e+01 -4.15977880e-18]
owner 			[1.19947594e-05 1.99036955e+03 4.57987030e+01 2.16911715e-06]
abortions 			[-6.89202271e-05  1.99202501e+03  1.71958154e+01  7.71844840e-05]
fourteenth 			[-5.66477502e-05  1.99695990e+03  1.05037576e+01  6.97548295e-05]
goods 			[2.72305569e-04 1.99109576e+03 1.81311598e+00 1.73198744e-05]
conspicuously 			[-2.83421376e-05  1.99290459e+03  1.12803679e+01  3.37246953e-05]
ban 			[-2.21023707e-04  1.99088900e+03 -1.67313495e+00  2.42484855e-04]
invasions 			[2.04548592e-05 1.99502836e+03 4.27446408e+01 2.57498799e-06]
litigant 			[-6.59466792e-05  1.98840063e+03  2.96300332e-01  6.62624404e-05]
decree 			[-3.53364601e-05  1.99395491e+03  2.48937752e+01  4.03674103e-05]
wechsler 			[-3.33474396e-05  1.99299503e+03  1.46219837e+01  4.02950197e-05]
subordination 			[-1.42471500e-04  1.98992728e+03  2.58784136e+01  1.53848546e-04]
stereotypes 			[-2.94512805e-05  1.99499081e+03  3.64730613e+01  3.17013370e-05]
spouses 			[5.09509337e-05 2.00301391e+03 2.54917729e+01 4.67679857e-06]
military 			[1.85278939e-04 2.00101930e+03 1.67056229e+01 2.96819480e-05]
rape 			[-8.17039826e-05  1.99331561e+03  1.00624328e+00  9.15738222e-05]
disfavored 			[-1.71941044e-05  2.00203033e+03  2.57192426e-01  1.97564218e-05]
formation 			[-6.79522377e-05  1.99164601e+03  3.23720330e+01  7.94463673e-05]
biological 			[-4.03611609e-05  1.99424892e+03  1.96606029e+00  4.95492133e-05]
intentional 			[3.81180332e-05 1.99608677e+03 2.18719017e+01 3.94159100e-06]
anchor 			[2.55573440e-05 1.99649538e+03 5.01892676e+01 3.06811484e-06]
textual 			[-3.28107988e-05  1.99897684e+03  2.86912927e+01  3.95818624e-05]
evident 			[-3.06002172e-05  1.99927760e+03 -2.97657382e+00  3.71478834e-05]
productive 			[-2.84728530e-05  2.00097330e+03  1.09461131e+01  3.41725987e-05]
incurred 			[3.26823628e-05 1.99503468e+03 2.51066612e+01 4.89091248e-06]
second-order 			[5.07931675e-05 1.99001740e+03 2.78431333e+01 1.08465916e-05]
483 			[-2.68176578e-05  1.99493217e+03  9.88035748e+00  3.27577054e-05]
bowers 			[5.37565454e-05 2.00150893e+03 4.33454754e-05 5.77611405e-06]
adults 			[4.66846415e-05 2.00209839e+03 1.20737961e+01 7.69992420e-06]
landes 			[1.78957270e-04 2.00009559e+03 1.32048182e+01 6.27216168e-06]
adjustments 			[3.02508554e-05 1.99610616e+03 1.05105175e+01 3.29881727e-06]
tribe 			[-8.83194021e-05  1.99088816e+03  7.58636577e-01  9.63157893e-05]
allocations 			[7.41413029e-05 1.99706671e+03 3.23706939e+01 1.84287340e-05]
254 			[-1.86757007e-05  1.99495989e+03  3.77727311e+01  2.25780864e-05]
paul 			[5.57904141e-05 1.99198763e+03 2.14534610e+01 8.19717782e-06]
478 			[-4.99927845e-05  1.99446876e+03  3.67802653e+00  5.81342071e-05]
differentiation 			[-2.29313918e-05  1.99496958e+03  2.34492264e+01  2.29141258e-05]
racist 			[-2.57486943e-05  1.99392898e+03  3.17148332e+01  2.78670482e-05]
fetal 			[-2.87388652e-05  1.99295398e+03  1.45060540e+01  3.46475075e-05]
m 			[4.48900973e-05 1.99800343e+03 1.60486961e+01 6.44069904e-06]
desegregation 			[-3.43884279e-05  1.99387982e+03  1.09993453e+01  3.49264904e-05]
rationally 			[1.57107969e-05 1.99367460e+03 6.82600960e-01 3.88058755e-06]
tradition 			[-3.15265674e-04  1.99060496e+03  2.50907093e-01  3.67642205e-04]
writings 			[-4.25651687e-05  1.99591705e+03  1.10218598e+01  4.42022828e-05]
solidarity 			[1.40148710e-04 1.99900287e+03 1.45569961e+01 4.01790983e-06]
fishkin 			[2.02059123e-05 1.99805124e+03 1.40048458e+01 4.20024256e-06]
tragedy 			[-1.33495451e-05  1.99709045e+03  8.57145170e+00  1.60625186e-05]
underenforced 			[-3.85277901e-05  1.99177698e+03  1.88738351e+00  4.41180442e-05]
rossiter 			[-6.51521595e-05  1.99064468e+03  4.20984039e-01  6.44414799e-05]
lives 			[4.87856386e-04 1.99508817e+03 1.92428742e+01 7.45365613e-05]
libertarian 			[1.95525933e-04 2.00206572e+03 2.34484536e+01 4.11769465e-06]
confidence 			[7.84412053e-05 1.99699546e+03 2.60350509e+01 1.06613597e-05]
leaders 			[2.06212210e-05 1.99402459e+03 1.31732162e+01 4.49633601e-06]
sketch 			[1.22256826e-05 1.99381215e+03 6.97615238e-01 1.52595073e-06]
items 			[2.12175751e-05 1.99889825e+03 1.25316127e+00 4.09659371e-06]
objects 			[-8.50502451e-05  1.99397768e+03  3.07408466e+01  1.02246511e-04]
samuel 			[ 2.36744566e-05  1.99434683e+03  2.76493906e-01 -1.51003542e-07]
elaboration 			[-2.17217896e-05  1.99238858e+03  2.16033677e+00  2.64588126e-05]
proportional 			[-1.06386220e-04  1.99191799e+03  1.10616855e+01  1.12535308e-04]
threatening 			[-1.92912320e-05  1.99602106e+03  1.11968518e+01  2.34818999e-05]
converge 			[1.74652638e-05 1.99411601e+03 2.54605247e+01 3.70380333e-06]
cover 			[-2.54379027e-05  2.00099575e+03  3.00200449e+01  3.04962967e-05]
polity 			[-3.58041243e-05  1.99548625e+03  8.88085681e-01  3.78831887e-05]
pretty 			[2.20458017e-05 1.99556754e+03 7.84665525e-01 4.90230328e-06]
feared 			[1.35321085e-05 1.99120601e+03 1.55931315e+01 2.30690200e-06]
frame 			[3.95196256e-05 1.99595867e+03 2.42616004e+01 2.95887405e-06]
corruption 			[-1.63377995e-05  1.99898085e+03  2.58094148e+01  1.73147493e-05]
overcome 			[-7.07875916e-05  2.00144013e+03  4.72552842e-01  8.22542626e-05]
behave 			[1.91961217e-05 1.99602584e+03 2.24279851e+01 3.72416321e-06]
intelligence 			[7.04881378e-05 2.00000248e+03 1.67458723e+01 1.11835470e-05]
error 			[1.42057397e-04 1.99464546e+03 1.33685575e+00 2.24549653e-05]
jury 			[2.59970813e-04 1.99600123e+03 2.27643217e+01 6.90019335e-06]
trial 			[6.61656701e-05 1.99721432e+03 1.72075283e+00 1.12218785e-05]
valuing 			[6.13669324e-05 2.00093728e+03 2.20900655e-01 1.69054967e-06]
affective 			[2.19867073e-05 2.00018256e+03 3.77833650e+00 4.25952149e-06]
self-defeating 			[-4.77897722e-05  1.99092161e+03  2.34212094e+01  5.32274765e-05]
es 			[1.68120622e-05 1.99790606e+03 1.81043611e+01 1.50419551e-06]
male 			[-1.06703946e-04  1.99202571e+03  1.62921218e-01  1.08604720e-04]
opening 			[1.17058218e-05 1.99576033e+03 2.09243391e+00 2.55235303e-06]
organs 			[2.72038732e-05 2.00123412e+03 2.34328316e+00 3.71334499e-06]
unions 			[5.36304107e-05 1.99907773e+03 2.80390550e+01 1.24683796e-05]
valued 			[-5.14154047e-05  1.99008152e+03 -3.86349850e+01  5.93753186e-05]
determinants 			[1.42530153e-05 1.99605951e+03 3.61785926e+00 1.31260087e-06]
campaigns 			[2.72558800e-05 1.99098855e+03 2.46186444e+01 2.98496770e-06]
broadcast 			[-2.33891194e-05  2.00259001e+03  1.49920236e+00  2.59022363e-05]
advantaged 			[5.08481897e-05 2.00112184e+03 1.22337160e+01 3.87709283e-06]
marry 			[2.82193890e-04 2.00301730e+03 3.23382299e+01 1.72202169e-05]
marriage 			[3.51660816e-04 1.99900412e+03 2.48716908e+01 2.90238697e-05]
amend 			[-2.96365536e-05  1.99708334e+03  4.41401223e-01  2.93328881e-05]
proportionality 			[-1.12439170e-04  1.98991618e+03  2.33557226e+01  1.17060543e-04]
minimis 			[-1.48088233e-04  1.99090644e+03  2.61207040e+01  1.59424326e-04]
visited 			[2.94072658e-05 2.00204402e+03 2.43606193e+01 6.34993783e-06]
handicapped 			[-3.14266594e-05  1.99171618e+03  2.91901354e+01  3.72186920e-05]
population 			[7.14765989e-05 1.99807971e+03 6.53150605e-01 1.18566149e-05]
impair 			[-2.20934597e-05  1.99640845e+03  3.33737860e+01  2.55758649e-05]
borrow 			[1.77035992e-05 1.99510380e+03 9.44849328e+00 2.02822137e-06]
jon 			[-4.68423052e-05  2.00184438e+03  4.63357050e-01  4.30047833e-05]
larry 			[-2.27331851e-05  1.99645158e+03  4.95451175e-01  2.70506279e-05]
catharine 			[-1.92216568e-05  1.99477890e+03  9.79055777e+00  2.18972289e-05]
1989 			[-3.09743736e-04  1.99426536e+03  1.14321060e+00  3.75135237e-04]
dissonance 			[-4.65883237e-05  1.99197756e+03  1.28506887e+01  5.47376085e-05]
concealed 			[1.96235236e-05 1.99898567e+03 1.82068281e+00 2.15703129e-06]
proportion 			[1.76851581e-05 1.99708785e+03 1.23080344e+01 8.00684147e-07]
watkins 			[-4.06272627e-04  1.98890623e+03  2.62569712e+01  4.04802381e-04]
aristotelian 			[-2.82753457e-05  1.99499746e+03  2.37682732e+01  2.90951263e-05]
noteworthy 			[3.29706340e-05 1.99899073e+03 2.05449222e+01 3.04007663e-06]
higher 			[2.95068706e-04 1.99743780e+03 4.64960659e+00 5.81993826e-05]
smoke 			[3.35681735e-05 1.99495626e+03 2.49880225e+01 3.90897169e-06]
dewey 			[-3.00576907e-05  1.99295111e+03  1.03324235e+01  3.30011028e-05]
okin 			[-5.85971976e-05  1.99191195e+03  4.13045408e-01  5.91231172e-05]
xx 			[4.28003965e-05 2.00307276e+03 2.53308967e+01 2.71054767e-06]
phil 			[-4.38630799e-05  1.99547718e+03  8.87352178e+00  5.14705052e-05]
display 			[3.69437523e-05 1.99705147e+03 1.50236336e+01 7.99745538e-07]
philosophers 			[3.12066611e-05 1.99401365e+03 2.17474582e+01 3.16767527e-06]
educated 			[1.24572315e-05 1.99119166e+03 1.18876561e+01 2.22075170e-06]
conspicuous 			[-6.00291286e-05  1.99426424e+03  1.88448449e+00  6.96936010e-05]
household 			[1.47598662e-05 1.99805145e+03 1.60093318e+00 3.64734957e-06]
studied 			[1.68001405e-05 1.99695294e+03 4.62453339e+00 3.44746142e-06]
veil 			[7.17030474e-05 2.00211574e+03 1.42621654e+01 2.21082151e-06]
plessy 			[-2.00173140e-05  1.99500696e+03  4.07481014e+01  2.31293468e-05]
cleburne 			[-3.26722868e-05  1.99372454e+03  8.52527021e-01  3.94389299e-05]
ordinance 			[-3.99678749e-05  1.99402047e+03  2.44399741e+01  4.24915078e-05]
inspired 			[-3.09382111e-05  1.99045271e+03  3.44229758e+01  3.66200763e-05]
indian 			[-3.98240445e-05  1.99188704e+03  2.51397970e+01  4.55416305e-05]
montana 			[9.78531306e-05 1.99801825e+03 1.35889782e+01 3.34153756e-06]
devins 			[2.42533988e-05 1.99841985e+03 4.39546268e+01 2.87864170e-06]
dynamic 			[3.43087688e-05 1.99703537e+03 1.68715490e+01 7.47011238e-06]
votes 			[1.39367514e-04 2.00076526e+03 2.47882551e+00 1.96343769e-05]
4th 			[-1.05408915e-05  1.99200911e+03 -2.72600846e+01  1.29288657e-05]
intrinsic 			[-2.92327032e-05  1.99699405e+03  1.45219607e+01  3.53635859e-05]
remarkably 			[1.89415639e-05 1.99504133e+03 1.65581539e+01 4.10697126e-06]
pregnant 			[-1.96111914e-05  1.99516283e+03  1.05279074e+01  2.29560901e-05]
sports 			[1.54032268e-05 1.99887226e+03 1.04176665e+01 3.66483837e-06]
sexuality 			[-1.37573764e-04  1.99292864e+03  2.64103592e+01  1.54331670e-04]
fatal 			[3.74654781e-05 1.99203363e+03 1.19964099e+01 2.02775063e-06]
urges 			[3.86644673e-05 1.99813403e+03 8.42196303e-01 3.73634800e-06]
scaling 			[1.91577973e-05 1.99698170e+03 2.64754533e+01 1.19398708e-06]
antipornography 			[-7.26857120e-05  1.99396269e+03  2.12061912e+01  7.13534289e-05]
sexually 			[-3.95060127e-05  1.99555392e+03  1.63487461e+00  4.29307096e-05]
torture 			[3.38340879e-05 2.00180788e+03 1.23710509e+01 3.63348484e-06]
regulable 			[-3.70610016e-05  1.99385351e+03  2.75555555e+01  4.09874997e-05]
experiments 			[8.17739846e-05 1.99636195e+03 3.64208117e+00 1.51902863e-05]
voluntarily 			[6.30906979e-05 1.99503246e+03 2.52085745e+01 9.75105208e-06]
symbols 			[-1.71907623e-05  1.99388646e+03  2.55249409e+01  2.08613845e-05]
conspiracies 			[-2.03514616e-05  1.99447742e+03  1.33987383e+00  2.41742623e-05]
libel 			[-6.47292880e-05  1.99902538e+03  1.52707721e+00  7.23331063e-05]
low-value 			[-4.06033419e-05  1.99374353e+03  3.21564617e+01  4.06025809e-05]
pain 			[6.82561097e-05 1.99588875e+03 1.13725665e+01 6.52365787e-06]
western 			[-3.57432230e-05  1.99294381e+03  1.89783250e+01  4.42933597e-05]
street 			[3.44769789e-05 1.99758985e+03 3.67101573e-01 2.49708962e-06]
pervasively 			[-1.49641319e-05  1.99284674e+03 -1.48702545e+00  1.83682867e-05]
army 			[-7.74769951e-05  1.98898479e+03  1.31733475e+01  8.09239580e-05]
predicted 			[3.31974717e-05 1.99677737e+03 1.13242995e+01 8.06116732e-06]
route 			[4.63128307e-05 1.98951039e+03 7.70143397e-01 5.60739719e-06]
homosexuality 			[-2.28773900e-05  1.99711452e+03  1.20528412e+01  2.77521082e-05]
homosexuals 			[3.29408983e-05 1.99255382e+03 2.75457479e+01 6.69228981e-06]
consensual 			[8.43642875e-05 2.00203596e+03 1.30397529e+01 1.30811934e-05]
heterosexual 			[-6.59185610e-05  1.98864684e+03  3.77568868e+01  7.76091509e-05]
discrete 			[-2.26306146e-05  1.99385178e+03  2.82174798e+01  2.68599703e-05]
phenomena 			[-3.20501809e-05  2.00138749e+03  4.14194778e+01  3.80102760e-05]
unprotected 			[-3.47464580e-05  1.99399262e+03  1.12984405e+01  3.84099088e-05]
baird 			[1.41448977e-04 2.00055487e+03 6.40621145e+00 7.83167016e-06]
common-law 			[-2.62064661e-04  1.98891902e+03  2.54069276e+01  2.74186577e-04]
marital 			[1.03651181e-04 2.00300652e+03 2.72883089e+01 4.13789735e-06]
notable 			[-3.48079760e-05  1.99801160e+03  1.27580817e+01  3.89114060e-05]
dc 			[4.95112075e-05 1.99819190e+03 1.00902344e+01 9.95681818e-06]
gay 			[3.08547474e-05 1.99386393e+03 2.35601922e+01 5.35968229e-06]
loving 			[2.47395889e-05 1.99307730e+03 2.73643843e+01 4.32568488e-06]
respondents 			[1.22516241e-04 1.99701261e+03 4.02465283e+01 6.16398240e-06]
zablocki 			[5.36106616e-05 2.00204690e+03 1.38516197e+01 2.48351613e-06]
douglas 			[2.33009675e-04 2.00082140e+03 2.12408961e+00 2.09505138e-05]
et 			[3.59917720e-04 1.99775245e+03 5.64754417e-01 3.34852376e-05]
feel 			[-4.11513987e-05  1.99001291e+03 -1.44495378e+01  4.47493995e-05]
assessed 			[ 3.40946801e-05  1.98922598e+03  8.49746456e-01 -1.51003113e-06]
predictability 			[3.92403621e-05 1.99324559e+03 2.27482691e+00 3.55899765e-06]
ekwro 			[-1.26853209e-04  1.98889848e+03  2.53326580e+01  1.30901559e-04]
taxpayer 			[-8.26609880e-05  1.98889741e+03  2.39852662e+01  9.52435309e-05]
ny 			[-5.19296525e-05  1.99291129e+03  3.82768321e+00  5.72069975e-05]
options 			[ 1.14644968e-04  1.99025849e+03  8.23225259e-01 -8.52427189e-06]
allegedly 			[-1.65248092e-05  1.99993145e+03  8.90332381e+00  1.83609044e-05]
dollars 			[1.08083852e-04 1.99202357e+03 1.18830663e+01 1.31122584e-05]
worst 			[6.52175357e-05 2.00006593e+03 3.72846156e+01 1.27615329e-05]
speculation 			[1.70772561e-05 1.99803530e+03 9.97156113e+00 3.34016004e-06]
implication 			[3.35244688e-05 1.99701559e+03 2.23812716e+01 7.62956356e-06]
reliable 			[ 6.70529420e-05  1.99546103e+03  3.62323127e-01 -2.23333815e-06]
fly 			[1.99667332e-05 1.99602063e+03 1.88350786e+01 3.62711752e-06]
rel 			[2.14984650e-05 1.99799130e+03 3.00639627e+01 3.79887595e-06]
valley 			[-3.69991687e-05  1.99105847e+03  8.97441438e-01  4.07471062e-05]
corporate 			[-7.47354104e-05  2.00059599e+03 -9.01675419e-01  8.79431120e-05]
damage 			[1.36604513e-04 1.99600625e+03 2.07448302e+01 1.99029311e-05]
convincing 			[5.05572185e-05 1.99539067e+03 2.50128752e+00 5.18336773e-06]
japan 			[4.75551443e-05 1.99804505e+03 1.16824637e+01 9.83644557e-06]
rival 			[2.45961633e-05 1.99818330e+03 9.61818685e+00 2.18952071e-06]
bounty 			[-2.38087442e-05  1.99288339e+03  2.33770380e+01  2.64727404e-05]
enjoyment 			[1.62562226e-05 1.99902221e+03 1.36402262e+01 3.04586009e-06]
curiam 			[-7.14102121e-05  1.98896335e+03  3.30324926e+01  7.76091603e-05]
unanticipated 			[ 2.49727754e-05  1.98808763e+03  2.29153712e+00 -1.33988260e-06]
rosenberg 			[-2.70257960e-05  1.99548411e+03  1.96249892e+00  3.00598022e-05]
tobacco 			[1.52588751e-04 1.99700019e+03 2.06769808e+01 6.14510844e-06]
smaller 			[ 2.84047680e-05  1.99114843e+03  4.50851416e-01 -2.87272191e-07]
105 			[2.12096650e-05 1.99046889e+03 3.30577101e+00 4.37000282e-06]
deliberations 			[1.94205128e-05 1.99010291e+03 2.41787193e+01 2.53471195e-06]
knowing 			[3.64614463e-05 1.99404546e+03 1.24146432e+01 7.87540908e-06]
prone 			[3.33896199e-05 1.99931455e+03 3.23029504e+00 4.00478843e-06]
wish 			[3.97843828e-05 1.99408677e+03 1.08613733e+01 6.63388716e-06]
soon 			[ 2.54941188e-05  1.98900888e+03  2.57359281e+01 -8.71392424e-17]
clerks 			[2.36430799e-05 1.99870640e+03 2.15169030e+00 2.96254095e-06]
electric 			[1.97659948e-05 1.99504430e+03 9.50844170e+00 3.68450845e-06]
dictionary 			[-4.02465190e-05  1.99097665e+03  2.13041049e+01  4.66355719e-05]
blunders 			[3.31615098e-05 2.00068706e+03 5.42626896e-01 2.18851915e-06]
contestable 			[-3.73732361e-05  1.99244610e+03  1.39950527e+00  4.14759716e-05]
consisting 			[2.21786401e-05 1.99451518e+03 7.63642003e-01 3.70104559e-06]
wittgenstein 			[-2.99097439e-05  1.99395239e+03  2.47645883e+01  3.20109012e-05]
spouse 			[6.11460263e-05 2.00305073e+03 2.94769050e+01 5.92273359e-06]
err 			[3.68852716e-05 1.99877366e+03 1.10574543e+00 5.68191682e-06]
fighting 			[-4.32651277e-05  1.99392889e+03  2.87181190e+01  4.74371659e-05]
noise 			[1.30416281e-05 1.99601439e+03 2.85162805e+01 2.80919350e-06]
bounded 			[1.80268785e-04 1.99665243e+03 4.20646306e+01 3.32060073e-06]
predict 			[6.39554118e-05 1.99600291e+03 1.30398887e+01 1.08430598e-05]
cultures 			[1.90990944e-05 1.99404888e+03 1.35490869e+00 1.54500448e-06]
incoherence 			[5.84378675e-05 2.00037102e+03 3.73155457e+01 7.73221072e-06]
default 			[3.56020485e-04 1.99790327e+03 1.61314720e+00 6.86920926e-07]
discover 			[1.59659054e-05 1.99253268e+03 4.69212772e+01 1.88538172e-06]
obsolescence 			[-7.53123198e-05  1.99001937e+03  2.49242531e+01  7.90719216e-05]
evaluative 			[2.34313755e-05 1.99212532e+03 9.78241185e+00 1.24729950e-06]
nonmarket 			[-4.03238890e-05  1.98991623e+03  3.93112640e+01  4.89492848e-05]
sensitivity 			[2.67355860e-05 2.00097552e+03 1.53397845e+01 4.38105024e-06]
se 			[5.17942185e-05 1.99719851e+03 3.86411994e+00 9.76019179e-06]
programming 			[1.21654671e-04 1.99013271e+03 1.54541117e+00 2.31941189e-06]
k 			[4.85699981e-05 2.00201210e+03 1.87060360e+01 1.06934420e-05]
prediction 			[5.62324855e-05 1.99706418e+03 1.88255606e+01 5.95581393e-06]
testimony 			[2.68171048e-05 1.99702841e+03 1.86478945e+01 4.16761555e-06]
survival 			[2.15588369e-05 1.99902038e+03 1.49436968e+01 4.22640475e-06]
older 			[1.08570711e-04 2.00201216e+03 1.41040716e+01 1.22649302e-05]
cable 			[ 4.04885297e-05  2.00097984e+03 -1.44673476e+01  1.93702809e-06]
animal 			[1.27637535e-04 1.99847734e+03 3.62625557e+01 1.76370662e-05]
diseases 			[2.07266739e-05 1.99604098e+03 2.96745452e+01 3.28573456e-06]
deaths 			[1.50755626e-04 1.99595522e+03 3.90199834e+01 2.39566326e-05]
rank 			[7.37526095e-05 1.99603822e+03 1.07830713e+01 1.12346898e-05]
monetized 			[6.03769011e-05 1.99988660e+03 5.72921790e+00 2.38814264e-06]
incur 			[2.52191558e-05 1.99905658e+03 8.11921102e-01 4.31862209e-06]
fictions 			[-5.43645513e-05  1.99056342e+03  3.04391763e+01  5.81911316e-05]
paradoxes 			[-9.02119474e-05  1.99105384e+03  2.41304471e+01  9.34255918e-05]
comparisons 			[ 4.17500407e-05  1.99201142e+03  3.66798171e-01 -4.36842922e-06]
intuitions 			[9.50440758e-05 2.00086807e+03 1.11461986e+01 2.16955595e-05]
fish 			[-3.91692169e-05  1.98983121e+03  2.74116499e+01  4.89464537e-05]
overall 			[1.00295314e-04 1.99616417e+03 1.08642369e+00 2.27031528e-05]
1994 			[2.87535637e-04 1.99393441e+03 1.05708086e+01 1.50529853e-05]
anchors 			[2.37049139e-05 1.99641032e+03 3.65082370e+01 2.05766517e-06]
krier 			[1.39326540e-05 1.99207740e+03 1.03179097e+01 1.46358937e-06]
trucking 			[1.75058213e-05 1.99802207e+03 2.07794489e+01 3.14794632e-06]
holy 			[2.80378949e-05 1.99704145e+03 3.05073383e+01 6.88290725e-06]
trinity 			[2.56457969e-05 1.99734144e+03 3.42206186e+01 6.25740409e-06]
lexis 			[5.15465640e-05 2.00000858e+03 3.68108117e+01 8.10048948e-06]
negligence 			[4.30148008e-05 1.99603344e+03 1.01068533e+01 2.78025196e-06]
awarded 			[3.04213881e-05 1.99347638e+03 9.09808315e-01 2.77587446e-06]
copyright 			[8.27700433e-05 2.00118978e+03 5.30286448e+00 6.11298656e-06]
progress 			[6.16480827e-05 1.99133118e+03 6.93122542e-01 3.53410572e-07]
venture 			[ 1.69505592e-05  1.98823590e+03  2.96753636e+01 -8.02458608e-10]
nominees 			[-6.84460681e-05  1.99288963e+03  2.41099015e+01  7.18680961e-05]
road 			[ 1.58487612e-05  1.98823962e+03  3.19065184e+01 -1.44157563e-13]
blackstone 			[2.65453854e-05 2.00100521e+03 2.88399889e+01 4.68871634e-06]
nonformalist 			[1.68910920e-05 1.99801348e+03 2.67755012e+01 1.02690807e-06]
emotions 			[1.16960561e-04 2.00001590e+03 1.34062523e+01 7.70230864e-06]
customary 			[1.99035966e-05 2.00002073e+03 2.88783406e+01 4.87590653e-06]
ross 			[1.11538161e-05 1.99245300e+03 4.09073058e+01 1.88394260e-06]
crandall 			[-2.55132729e-05  1.99197187e+03  1.47127075e+01  3.08332029e-05]
regression 			[1.85593602e-05 1.99607746e+03 1.09559571e+01 2.83986243e-06]
400 			[2.73183272e-05 1.99534638e+03 4.82415113e-01 4.56842761e-08]
824 			[-3.28951444e-05  1.99094886e+03  3.61949577e+01  3.76922434e-05]
margin 			[3.80397852e-05 1.99806736e+03 1.13346081e+01 4.42713490e-06]
dam 			[8.43384120e-05 2.00088956e+03 1.12469459e+01 3.21560685e-06]
punitive 			[ 5.36985821e-04  1.99602888e+03  1.62149319e+01 -9.13085823e-06]
qualitative 			[5.82627874e-05 1.99299268e+03 4.05046808e+01 8.45966820e-06]
quantitative 			[4.53502592e-05 1.99616266e+03 5.65702241e-01 1.83221910e-06]
thousand 			[2.71911764e-05 1.99400432e+03 2.13704858e+01 2.16370167e-06]
exit 			[-3.08195283e-05  1.99161391e+03  3.14124492e+01  3.55971412e-05]
crime 			[ 1.15132984e-04  1.99158479e+03  5.83935840e-01 -1.04033059e-05]
variability 			[3.44719999e-05 1.99606361e+03 2.17082619e+01 5.89872611e-07]
transactions 			[ 2.99957098e-05  1.99084754e+03  4.53588075e-01 -3.67727968e-06]
medically 			[-2.61176427e-05  1.99797926e+03  1.34768371e+01  2.57466087e-05]
illicit 			[1.86298678e-05 1.99504250e+03 2.37166245e+01 2.28445278e-06]
selectivity 			[-4.80619301e-05  1.99393513e+03  2.68950532e+01  5.46204186e-05]
educate 			[-1.00815882e-05  2.00197943e+03  1.47185707e+01  1.14765413e-05]
stay 			[ 3.32666649e-05  1.99061713e+03  6.47006775e-01 -2.75401943e-06]
eating 			[2.07099036e-05 2.00010920e+03 8.33486723e-01 2.20990352e-06]
figures 			[ 6.89056875e-05  1.99655322e+03  1.85934834e-01 -7.88035578e-06]
advertisers 			[-3.61874149e-05  2.00098064e+03  1.90550854e+01  3.60226793e-05]
censorship 			[-2.20653560e-05  1.99561105e+03  2.56050051e+00  2.38768767e-05]
risky 			[5.81015161e-05 1.99810805e+03 1.39248779e+01 9.26152444e-06]
confident 			[5.06071573e-05 1.99929158e+03 1.61755413e+00 6.32735912e-06]
acid 			[-1.57491038e-05  1.99696963e+03  1.15130099e+01  1.90906435e-05]
dirty 			[-1.92212324e-05  1.99791501e+03  1.11887248e+01  2.36982583e-05]
borne 			[1.08689174e-05 1.99383787e+03 1.02039531e+01 2.65966546e-06]
eg. 			[-5.95923918e-05  1.99292506e+03  1.16875906e+01  5.97914209e-05]
couples 			[3.71333162e-05 1.99901537e+03 1.33962539e+01 2.95751118e-06]
emotional 			[5.64029938e-05 1.99605966e+03 2.51827149e+01 1.37894595e-05]
punish 			[ 7.46504915e-05  1.99177686e+03  4.90121603e-01 -6.93988805e-06]
cognition 			[8.87319387e-05 2.00001949e+03 3.45584997e+01 1.18084887e-05]
simplest 			[4.11952206e-05 1.99501695e+03 2.65931115e+01 5.76837056e-06]
vacation 			[3.94948698e-05 1.99903596e+03 3.22576087e+01 4.90912477e-06]
psychology 			[1.10078086e-04 1.99673800e+03 1.25432007e+01 1.01014651e-05]
savings 			[1.53309445e-04 2.00068234e+03 1.01777665e+00 2.11808848e-05]
instruction 			[-1.09736975e-05  1.98929037e+03 -3.61259269e+01  1.09736968e-05]
interestingly 			[1.67725851e-05 1.99398924e+03 3.49736546e+01 3.76220742e-06]
handle 			[3.17346572e-05 1.99158785e+03 7.58653335e-01 4.16247867e-08]
playing 			[2.43585828e-05 1.99415931e+03 2.16690007e+00 4.05441390e-06]
proposal 			[5.93762120e-05 1.99101709e+03 2.78518910e+01 5.03342192e-06]
firms 			[6.09896968e-05 1.99671201e+03 2.71499687e+00 1.35923210e-05]
recycling 			[-2.64245051e-05  1.99903988e+03  1.16664479e+01  3.26210574e-05]
estimate 			[6.62194801e-05 1.99780492e+03 1.68176920e+00 9.40134757e-06]
600 			[5.15234492e-05 2.00351574e+03 5.69763143e-01 2.68838288e-06]
parenthood 			[-1.10262067e-05  1.99200715e+03 -2.63556866e+01  1.30395754e-05]
rust 			[-1.53589482e-05  2.00046922e+03  4.84378957e+01  1.65327167e-05]
unaccompanied 			[1.41380427e-05 1.99207190e+03 1.53842028e+01 1.29405423e-06]
fatalities 			[2.22732980e-05 1.99504329e+03 1.73461404e+01 2.19649278e-06]
permanent 			[ 1.86622603e-05  1.99029085e+03  9.08242693e-01 -1.74553320e-06]
detection 			[4.30145353e-05 1.99681764e+03 1.06031928e+01 1.01349852e-06]
bat 			[-5.72269862e-05  1.99317438e+03  1.16331310e+01  6.68282352e-05]
cooperation 			[2.11812130e-05 1.99401630e+03 1.91580708e+01 5.05987599e-06]
estimates 			[9.51218174e-05 1.99785058e+03 9.96048199e+00 9.93276778e-06]
cartels 			[1.52364434e-05 1.99899244e+03 1.78319848e+01 2.64298184e-06]
smoking 			[1.26630396e-04 1.99498747e+03 3.53620695e+01 2.45975293e-05]
stories 			[-1.98065981e-05  1.99995944e+03  1.71792238e+01  2.30537561e-05]
foreclosure 			[-2.00249535e-05  1.99676754e+03  3.06222450e+01  2.00235487e-05]
rosen 			[2.02269562e-05 1.99807010e+03 1.19018277e+01 1.11819331e-06]
survey 			[1.16365273e-04 1.99677915e+03 1.56676365e+01 1.50741210e-05]
april 			[3.28994286e-04 2.00066999e+03 2.25075540e+00 1.74900231e-05]
sentences 			[3.40160510e-05 2.00001672e+03 1.32260933e+01 5.43139660e-06]
juries 			[ 2.95263101e-04  1.99600205e+03  2.14688286e+01 -2.04955681e-06]
shavell 			[2.82365620e-05 1.99603895e+03 1.00069675e+01 1.29425493e-06]
asch 			[3.42453946e-05 1.99890972e+03 9.89862331e+00 4.10810235e-06]
amos 			[5.34111059e-05 1.99600549e+03 1.26127266e+01 1.59053449e-06]
listen 			[ 1.03753372e-05  1.98968020e+03  1.08150344e+01 -5.65165838e-10]
march 			[3.05034198e-04 2.00023170e+03 1.49420643e+00 2.19479990e-05]
predictions 			[7.72118696e-05 1.99603345e+03 2.59179858e+01 9.23514837e-06]
hypotheses 			[4.59093987e-05 1.99700748e+03 1.54154156e+01 1.63110838e-06]
contact 			[2.24301757e-05 1.99408328e+03 1.80830614e+01 8.63230121e-07]
join 			[5.01490960e-05 1.99559068e+03 3.84721288e-01 2.05391919e-07]
analysts 			[3.50967838e-05 1.99900865e+03 1.16530808e+01 6.09463987e-06]
cit 			[2.60848634e-05 1.99837275e+03 4.13510273e+01 1.22099641e-06]
animals 			[2.05132151e-04 1.99808265e+03 2.09597741e+01 1.24932087e-05]
alcohol 			[2.30386777e-05 1.99207340e+03 7.37963816e-01 6.27079816e-08]
dollar 			[2.95814094e-04 1.99604625e+03 1.52733609e+01 1.02802665e-05]
intrapersonal 			[-2.93077929e-05  1.99898303e+03  4.50823883e-01  2.56940261e-05]
peer 			[1.13965326e-05 1.99672410e+03 1.34279866e+00 2.50054833e-06]
countless 			[5.46064599e-05 2.00098344e+03 3.64518172e+01 4.28302854e-06]
broadcasters 			[1.33501564e-04 1.99833994e+03 3.56160057e+01 2.78636990e-05]
lottery 			[3.27574571e-05 1.99849190e+03 5.74735129e-01 4.55648921e-06]
hindsight 			[3.85923737e-05 1.99701968e+03 4.59672191e+01 1.93283327e-06]
habits 			[-1.28167245e-05  1.99956125e+03  4.00076398e+01  1.45928236e-05]
behavioral 			[2.49809877e-04 1.99700755e+03 2.80791750e+01 5.73196097e-06]
unity 			[-4.75974491e-05  1.99102754e+03  2.53764078e+01  5.28509302e-05]
devote 			[ 3.73217742e-05  1.99047844e+03  9.11388499e-01 -3.81448277e-06]
entertainment 			[1.66395149e-05 1.99103584e+03 1.63460424e+01 1.35354644e-06]
oaths 			[-1.23639544e-04  1.99090212e+03  2.49788831e+01  1.25593096e-04]
declarations 			[-6.62329927e-05  1.99097267e+03  3.94731008e+01  6.79511959e-05]
self-conception 			[1.87025824e-05 1.99400987e+03 1.30447379e+01 2.59493197e-06]
bush 			[1.78794558e-04 2.00007045e+03 1.28185807e+01 1.59521724e-05]
obey 			[-9.16241785e-06  1.99213182e+03 -1.30856711e+01  1.06841042e-05]
witnesses 			[1.65843450e-05 1.99722334e+03 1.82893076e+00 1.93246604e-06]
connect 			[ 2.47088488e-05  1.98987304e+03  1.08789633e+00 -2.33295200e-06]
lisa 			[7.01834321e-05 2.00048598e+03 4.13372105e+00 4.88454147e-06]
adler 			[6.28779598e-05 2.00026566e+03 1.40275886e+00 4.94934718e-06]
puzzles 			[3.93963366e-05 1.99205453e+03 2.90276950e+00 1.75409891e-06]
legitimately 			[3.14267126e-05 1.99134899e+03 1.22261299e+00 1.78748320e-06]
alongside 			[1.90047309e-05 1.99760539e+03 1.07808842e+00 2.19338566e-06]
voluntariness 			[-3.28154860e-05  1.99522711e+03 -3.80997467e+00  3.61649363e-05]
opt 			[6.28287481e-05 2.00201192e+03 1.20411608e+01 3.55079736e-06]
publicly 			[4.32486626e-05 1.99404445e+03 9.29408385e+00 8.14679134e-06]
page 			[1.49547490e-05 1.99747532e+03 4.02891438e+01 3.45630366e-06]
fetus 			[-2.10391467e-05  1.99782909e+03  1.23489693e+01  2.18673537e-05]
10,000 			[ 1.89048979e-05  1.99277587e+03  4.01449961e-01 -1.46664876e-06]
involuntarily 			[3.86301297e-05 1.99598935e+03 2.75593397e+01 1.92579708e-06]
stations 			[ 3.35010561e-05  2.00097467e+03 -1.07062192e+01  5.31135864e-06]
waivers 			[5.69498582e-05 1.99910085e+03 2.95712846e+01 8.38903653e-07]
aids 			[6.52135371e-05 1.99602271e+03 2.78628082e+01 9.45122252e-06]
suspended 			[1.09957505e-05 1.99300084e+03 2.68762422e+01 1.54358148e-06]
particulates 			[2.12283107e-05 1.99809226e+03 1.40039194e+01 4.82817500e-07]
symptoms 			[1.49907991e-05 1.99892197e+03 1.31924475e+01 3.09193496e-06]
gain 			[ 1.14473808e-04  1.99508552e+03  3.00538921e-01 -7.44167860e-06]
region 			[3.10409796e-05 1.99743381e+03 3.98133805e+01 2.34750802e-06]
pesticides 			[3.53111175e-05 1.99623262e+03 5.74398983e-01 4.50528961e-06]
1996 			[ 3.52223646e-04  1.99501009e+03  2.17668843e+01 -1.39775479e-06]
experiment 			[6.28413508e-05 1.99705235e+03 2.53385399e+01 1.29191323e-05]
reason-giving 			[-1.34515813e-05  1.99831586e+03  1.38749708e+00  1.44780385e-05]
pollutant 			[ 1.70966339e-05  1.99024045e+03  2.99829593e+01 -6.57799941e-10]
experienced 			[2.42850262e-05 1.99211650e+03 1.54756631e+00 3.74147689e-07]
calculations 			[3.38912941e-05 2.00164084e+03 5.92463472e-01 2.34274977e-06]
images 			[2.62915959e-05 2.00002060e+03 1.18552374e+01 3.66432315e-06]
secession 			[-2.65600934e-04  1.99153054e+03  3.77242478e+01  2.66694113e-04]
soviet 			[-7.29275812e-05  1.99194650e+03  2.41008573e+01  8.52056977e-05]
secede 			[-2.38187649e-04  1.99191297e+03  2.53328863e+01  2.36651802e-04]
subunit 			[-1.26536953e-04  1.99191297e+03  2.53328874e+01  1.25721128e-04]
subunits 			[-7.98198579e-05  1.99187072e+03  2.56002557e+01  7.96262599e-05]
intense 			[5.14732265e-05 1.99504726e+03 1.11983241e+01 1.12283699e-05]
strengthen 			[1.84862914e-05 1.99746001e+03 1.84035488e+00 1.97554926e-06]
entrenchment 			[1.73659523e-05 1.99897762e+03 1.23229871e+01 3.44045990e-06]
isolation 			[4.23382678e-05 1.99612947e+03 2.08455083e+01 1.41252063e-06]
match 			[5.34461894e-05 2.00114224e+03 1.26385702e+00 5.13287257e-06]
parliament 			[-1.66293094e-05  1.99879569e+03  6.02827021e-01  1.60391359e-05]
unpredictable 			[3.62119251e-05 1.99605135e+03 1.68619955e+01 3.18752911e-06]
constitution-making 			[-1.46298471e-05  2.00079610e+03  3.01341364e+01  1.46263020e-05]
calculate 			[ 5.62556187e-05  1.99922752e+03  2.65232650e-01 -3.21075863e-06]
absolute 			[7.34234219e-05 1.99905504e+03 2.85900915e+01 1.60633712e-05]
priori 			[ 1.62049107e-05  1.99118794e+03  1.15386437e+00 -7.73054399e-07]
translation 			[4.02555023e-05 1.99177719e+03 1.49508184e+00 3.16966070e-07]
clinton 			[9.10385640e-05 1.99273324e+03 2.59533901e+00 2.45504727e-06]
edna 			[2.42865395e-05 1.99700149e+03 2.22128625e+01 3.69415063e-06]
ullmann-margalit 			[2.34746122e-05 1.99705255e+03 1.93777153e+01 4.74781315e-06]
dan 			[2.15377856e-05 1.99348045e+03 2.16774857e+00 1.40453201e-06]
simpler 			[1.49480802e-05 1.99529340e+03 3.97815287e+00 3.48640057e-06]
void 			[1.00061722e-05 1.99311476e+03 1.43625494e+01 1.15906129e-06]
news 			[ 7.10856529e-05  1.99103736e+03  2.79025925e+01 -1.42411226e-16]
poll 			[2.62709902e-05 1.99930610e+03 3.42299050e-01 1.50436915e-06]
agrees 			[ 1.75999542e-05  1.99010397e+03  2.36905206e+01 -3.17733359e-07]
jonathan 			[6.78629019e-05 1.99733895e+03 4.92083360e-01 1.14667486e-06]
incremental 			[ 2.23799924e-05  1.99164713e+03  6.12741013e-01 -1.90162233e-06]
switch 			[7.34743939e-05 2.00006211e+03 2.86896953e+01 7.32162812e-06]
dumps 			[2.30456906e-05 1.99802573e+03 1.29352677e+01 1.40281151e-06]
deliberating 			[1.37424007e-04 1.99805845e+03 2.88517156e+01 2.44356064e-06]
projected 			[1.95657013e-05 1.99700164e+03 1.49304724e+01 1.10843842e-06]
fatality 			[1.95523762e-05 1.99503217e+03 2.45279205e+01 1.15768611e-06]
matching 			[4.97981644e-05 2.00303172e+03 2.89018333e+01 2.89871831e-06]
heuristic 			[3.79616732e-04 1.99933897e+03 5.68901423e-01 1.27370142e-05]
memories 			[4.67006513e-05 2.00202177e+03 3.54674811e+01 3.69735338e-06]
airplane 			[2.64366808e-05 1.99632293e+03 3.43547919e+01 3.05580455e-06]
worry 			[1.46069698e-05 1.99639712e+03 2.02861705e+00 2.30526238e-06]
accounting 			[2.55155443e-05 1.99461628e+03 9.26676376e-01 2.42400106e-06]
nov. 			[ 1.05818972e-05  1.99025161e+03  2.90643396e+01 -1.91641156e-13]
1990s 			[2.72802963e-05 2.00025089e+03 1.13316490e+00 3.33178354e-06]
recount 			[5.68236310e-05 2.00041629e+03 3.76155290e+01 6.61619264e-07]
surveys 			[2.67750299e-05 1.99632098e+03 1.94890908e+00 3.70634411e-06]
.001 			[2.65232082e-05 1.99609905e+03 1.19883693e+01 1.17726290e-06]
“ 			[ 3.35275930e-03  1.99922199e+03  5.04906875e-01 -4.32570670e-05]
” 			[ 3.29875456e-03  1.99910365e+03  5.30338532e-01 -3.48652226e-05]
’ 			[ 2.96684960e-03  2.00011737e+03  5.50495475e-01 -2.45107586e-05]
eds. 			[-7.72137756e-05  1.99103042e+03 -1.10170645e+01  7.42977142e-05]
contempt 			[ 1.67705292e-05  1.99011254e+03  2.01462017e+01 -3.58387019e-07]
adjusted 			[2.18093955e-05 1.99205228e+03 1.11804626e+01 1.55263291e-06]
gary 			[3.09216680e-05 1.99200577e+03 2.17623558e+01 9.59288626e-07]
aversion 			[6.79331643e-05 1.99604006e+03 3.14821455e+01 9.05813466e-06]
statistically 			[5.40513887e-05 2.00001210e+03 1.16120147e+01 7.19908133e-06]
baseball 			[1.20100613e-04 2.00300270e+03 2.52715189e+01 2.54763750e-06]
maximizing 			[1.58070821e-05 1.99454230e+03 1.62759879e+00 2.12222798e-06]
circle 			[ 2.47159460e-05  1.99147348e+03  1.47112439e+00 -6.04981611e-07]
signaling 			[3.95175955e-05 1.99595548e+03 7.30839904e-01 7.78128571e-07]
france 			[5.88555282e-05 2.00194132e+03 9.86495949e+00 4.60664710e-06]
hidden 			[-3.24421367e-05  2.00096310e+03 -1.39384298e+01  3.45666759e-05]
players 			[3.97863869e-05 1.99528165e+03 6.07788360e+00 1.15786393e-06]
approximately 			[1.52135603e-05 1.99488926e+03 8.93457924e-01 1.02946977e-06]
reported 			[3.56989248e-05 1.99488106e+03 7.70426792e-01 2.41336903e-06]
newspapers 			[2.12551817e-05 1.99122969e+03 3.65157989e+01 3.66341750e-19]
teachers 			[1.61935915e-05 1.99185082e+03 1.18527189e+01 7.03373191e-09]
content-neutral 			[-5.10613276e-05  1.99395832e+03  2.71991194e+01  5.69087623e-05]
content-based 			[-4.27744419e-05  1.99399351e+03  2.42718376e+01  4.59093545e-05]
reckless 			[2.53581051e-05 1.99599168e+03 1.89134800e+01 1.33828066e-06]
movie 			[-1.07312782e-05  2.00232260e+03  5.62670555e+00  1.06594866e-05]
crowd 			[1.60910741e-05 1.99552988e+03 5.17732902e-01 7.85294940e-07]
reputations 			[1.44838533e-05 1.99616684e+03 2.00088267e+00 7.03996851e-07]
frequency 			[2.17754252e-05 1.99402388e+03 9.31316470e-01 6.98299898e-07]
compiled 			[ 1.47800089e-05  1.99232662e+03  2.10228193e+00 -2.44305922e-08]
interview 			[9.98781902e-06 1.99681319e+03 1.57572103e+01 1.89402832e-06]
ratings 			[5.42337609e-05 1.99703419e+03 3.86057403e+01 1.61433774e-06]
perjury 			[ 2.01128589e-05  1.99126299e+03  3.08792524e+01 -1.35269058e-14]
1993 			[ 3.34584192e-04  1.99205004e+03  4.28799264e+01 -6.43745040e-20]
cook 			[9.22434989e-06 1.99622793e+03 2.26079856e+01 2.12548110e-06]
viewing 			[ 1.73002277e-05  1.99336828e+03  6.83298660e-01 -7.51525315e-07]
patent 			[2.45043442e-05 2.00014916e+03 9.70141234e+00 2.46039165e-06]
surrogacy 			[-4.92896729e-05  1.99428689e+03  2.94999128e+00  5.17317109e-05]
weeks 			[3.23301931e-05 1.99608540e+03 1.04564374e+01 2.72246978e-06]
twice 			[1.83660878e-05 1.99602952e+03 2.47659696e+01 2.06409651e-06]
dislike 			[1.62012267e-05 1.99505550e+03 1.34720799e+01 2.57713557e-06]
teenagers 			[1.99192716e-05 1.99499284e+03 1.27823279e+01 1.05899500e-06]
reporting 			[2.29025708e-05 1.99399409e+03 1.51342697e+01 1.04873817e-06]
disclosed 			[1.12964586e-05 1.99198937e+03 2.13778683e+01 5.93995984e-08]
diet 			[1.45121808e-05 1.99401428e+03 1.20472049e+01 1.71115152e-06]
priority-setting 			[3.53695351e-05 1.99500038e+03 2.19184572e+01 3.25671122e-07]
al. 			[2.44277018e-04 1.99890330e+03 1.02689367e+01 3.03814860e-05]
ellickson 			[ 1.22211629e-05  1.99114806e+03  1.29387102e+01 -2.77893532e-07]
baron 			[5.58249877e-05 2.00100263e+03 1.83491277e+01 4.54768146e-06]
neil 			[1.52874877e-05 1.99600106e+03 2.10628836e+01 1.83559334e-06]
trends 			[1.89815175e-05 1.99193288e+03 1.13396663e+01 6.89498725e-08]
physicians 			[3.30006269e-05 1.99514638e+03 1.23205682e+01 1.13076990e-06]
citation 			[1.02018332e-04 2.00150605e+03 3.78861603e-01 3.12851707e-07]
listed 			[1.60542238e-05 1.99601952e+03 3.02920655e+01 2.30127850e-06]
mcginnis 			[-3.23389714e-05  1.99284637e+03  1.41604128e+01  3.37853782e-05]
nominee 			[-1.03433429e-04  1.99287301e+03  2.65283391e+01  1.03917397e-04]
senators 			[-2.87436974e-05  1.99485436e+03  1.95539631e+01  2.93774483e-05]
requisite 			[ 2.56304772e-05  1.99125723e+03  3.21015863e+01 -1.76572132e-13]
worried 			[1.76428643e-05 1.99818916e+03 1.49009096e+01 1.11722619e-06]
signed 			[1.51806981e-05 1.99601456e+03 2.49803122e+01 1.79370860e-06]
academics 			[8.63977765e-05 1.99917718e+03 2.46629978e+00 1.18194808e-06]
contentious 			[2.51060357e-05 1.99498556e+03 1.66759069e+00 1.21622684e-06]
returns 			[4.73439290e-05 1.99747348e+03 3.95788350e+01 6.37465988e-07]
lujan 			[-1.41246754e-04  1.99391804e+03  2.59559083e+01  1.49049448e-04]
investigating 			[ 1.46712894e-05  1.99173845e+03  1.16724634e+01 -4.05464031e-10]
redressability 			[-6.56183724e-05  1.99305061e+03  2.74877438e+01  6.89033391e-05]
blunder 			[ 3.06546382e-05  1.99948546e+03  2.83333157e-01 -8.35521793e-07]
qui 			[-2.48952394e-05  1.99496085e+03  1.12074081e+01  2.53499718e-05]
tam 			[-2.41996701e-05  1.99495633e+03  1.08051621e+01  2.53488494e-05]
offenders 			[2.06539853e-05 1.99736851e+03 3.56066844e+01 6.38092678e-07]
exotic 			[-1.53892801e-05  1.99103561e+03 -9.78446621e+00  1.45759195e-05]
respiratory 			[1.77042828e-05 1.99601836e+03 1.04746883e+01 2.94686162e-06]
simplify 			[1.84708926e-05 1.99747410e+03 3.59262055e+01 2.12847349e-06]
500 			[3.80872818e-05 1.99637471e+03 6.08085688e-01 6.36228825e-07]
gore 			[5.07659688e-05 1.99658739e+03 6.44565401e-01 2.45138284e-06]
canal 			[2.46795623e-05 1.99800277e+03 1.40540958e+01 1.46723976e-06]
manual 			[4.23312731e-05 2.00002198e+03 3.25740965e+01 4.00807708e-06]
corrosion 			[1.51285196e-05 1.99529710e+03 3.22291383e+01 1.55581539e-06]
team 			[5.20897428e-05 2.00189424e+03 1.01486330e+01 3.87043441e-06]
parental 			[3.61941869e-05 1.99902804e+03 3.41794304e+01 4.30326424e-06]
northeastern 			[-5.24587675e-05  1.99352289e+03  3.12655497e+01  5.28438518e-05]
high-level 			[ 4.93135235e-05  1.99226414e+03  3.16236064e+01 -6.10477210e-10]
habeas 			[1.82769929e-05 2.00101750e+03 1.21348700e+01 2.76897531e-06]
corpus 			[ 1.70266113e-05  1.99567522e+03  4.19453569e-01 -8.59844776e-07]
deliver 			[-1.32403476e-05  1.99214596e+03 -1.23339596e+01  1.29656340e-05]
raz 			[ 5.10434043e-05  1.99951676e+03 -8.96136915e-01  1.85046322e-06]
cascades 			[1.90332880e-04 1.99801413e+03 1.28939171e+01 1.19635476e-05]
highways 			[1.60095086e-05 1.99683872e+03 2.65443608e+00 6.12601077e-07]
cascade 			[1.21751149e-04 1.99806257e+03 2.53305166e+01 3.21025401e-06]
1111 			[ 3.23795112e-05  1.99914526e+03  3.79715472e-01 -5.14931486e-07]
60th 			[2.26043128e-05 1.99807256e+03 1.01347296e+01 1.71384310e-06]
il 			[3.12439826e-05 1.99802905e+03 4.06517322e+01 6.34512130e-07]
60637 			[2.32820910e-05 1.99811252e+03 8.44031957e+00 1.76061345e-06]
picker 			[1.57854367e-04 2.00064604e+03 4.20438030e+00 1.65347451e-06]
kevin 			[3.64511870e-05 1.99814171e+03 1.09627354e+01 1.71385828e-06]
murphy 			[2.05475463e-05 1.99707069e+03 3.22144016e+00 2.09983326e-06]
noll 			[1.51545769e-05 1.99606491e+03 2.06731984e+01 3.06456115e-06]
matthew 			[7.87290493e-05 2.00104472e+03 9.17060542e+00 9.09864842e-06]
fads 			[3.02955921e-05 1.99821002e+03 1.34161916e+01 1.73015554e-06]
gertner 			[2.15137403e-05 2.00001045e+03 2.55509757e+01 2.60150846e-06]
flying 			[1.69180601e-05 1.99728554e+03 1.40066426e+00 6.25948123e-07]
psych 			[3.72694360e-05 1.99601521e+03 1.15931590e+01 1.28585912e-06]
outrage 			[ 1.27357449e-04  1.99601341e+03  1.49477249e+01 -8.87035836e-08]
r.a.v 			[-3.79571519e-05  1.99386090e+03  2.67345977e+01  3.78845168e-05]
image 			[1.31870093e-05 1.99597356e+03 8.25376759e-01 1.01515397e-06]
drivers 			[5.38733288e-05 1.99605255e+03 1.63699029e+01 3.35895809e-06]
cross-burning 			[-3.82802508e-05  1.99364663e+03  3.37390098e+01  3.88865714e-05]
indicators 			[ 1.28671455e-05  1.99512916e+03 -1.32629955e+01  3.19933217e-06]
robust 			[2.52726635e-05 1.99578430e+03 8.18534215e-01 1.14477702e-06]
premature 			[2.57239292e-05 1.99501239e+03 1.26722085e+01 1.59898636e-06]
researchers 			[2.08596208e-05 1.99487914e+03 1.12691933e+00 1.67396644e-07]
originalist 			[ 3.17251580e-05  1.99304682e+03  2.70188027e+01 -9.85364015e-17]
dogs 			[1.27622662e-05 1.99552570e+03 1.36707612e+00 8.94474591e-07]
incompletely 			[1.32380106e-04 1.99326760e+03 2.61804394e+00 1.31962690e-06]
driver 			[ 1.87726754e-05  1.99274436e+03  8.04785486e-01 -1.25891085e-06]
mph 			[3.18846923e-05 1.99804864e+03 2.97614984e+01 1.90353639e-06]
speed 			[9.72104634e-05 1.99802110e+03 3.16856124e+01 1.48990533e-05]
cross 			[1.86583192e-05 1.99709718e+03 1.12681996e+01 1.71989308e-06]
hercules 			[ 2.63194929e-05  1.99558635e+03 -4.52185153e+01  4.00780864e-06]
jordan 			[1.60342555e-05 1.99744881e+03 3.91177335e+01 6.35039111e-07]
indignation 			[1.88149306e-04 2.00106249e+03 3.35763868e+01 2.06376514e-06]
salient 			[ 1.22213195e-04  1.99912550e+03  4.31957328e-01 -4.19957021e-06]
colin 			[1.49156035e-05 1.99602360e+03 1.60714409e+01 2.78057536e-06]
variance 			[5.43350262e-05 1.99748015e+03 3.97813672e+01 6.35852729e-07]
– 			[3.46166161e-04 1.99899837e+03 3.91875807e+01 5.81636119e-07]
japanese 			[2.05695119e-05 1.99770517e+03 1.20197537e+00 6.51579585e-07]
emotion 			[2.94098428e-05 2.00008642e+03 2.43113681e+01 2.76483253e-06]
self-regulation 			[3.37305599e-05 1.99832939e+03 3.35171767e+01 3.82896761e-07]
laughter 			[1.68613039e-05 1.99853386e+03 3.69646310e+01 1.14279749e-06]
environmentalism 			[ 2.45114139e-05  1.99507197e+03  1.30017345e+01 -4.40452548e-08]
f.3d 			[5.35521205e-05 1.99510038e+03 1.35625703e+01 7.09300935e-07]
item 			[2.00270019e-05 1.99515760e+03 1.02791314e+01 2.05381795e-07]
judged 			[1.70206713e-05 1.99606989e+03 1.03013642e+01 1.30987953e-06]
rankings 			[5.10627810e-05 1.99700658e+03 1.53909530e+01 5.28478961e-07]
ranking 			[4.66086235e-05 1.99557233e+03 1.16976368e+00 1.90099244e-06]
amidst 			[ 2.16042261e-05  1.99321461e+03  1.51991464e+01 -1.09044462e-07]
calculating 			[ 1.36108025e-05  1.99327973e+03  1.95848603e+01 -6.56013842e-09]
calculation 			[2.42418785e-05 1.99597962e+03 2.23812839e+01 5.37569982e-07]
cba 			[2.10583736e-04 2.00044614e+03 4.08522931e+01 8.54873585e-06]
erratic 			[ 5.82628311e-05  1.99600551e+03  1.44325700e+01 -5.68406152e-07]
adaptable 			[ 2.50810393e-05  1.99582148e+03 -2.90291022e+01 -7.38990423e-09]
ramseyer 			[-8.39082502e-05  2.00009407e+03 -2.41900012e+01  8.37272905e-05]
smart 			[ 2.71254201e-05  2.00010796e+03  2.21046572e-01 -1.58909682e-06]
attainment 			[ 6.36663872e-06  2.00135647e+03 -4.26066023e+01  1.47240470e-06]
numerical 			[3.05650386e-05 1.99600271e+03 1.51581062e+01 2.84500694e-06]
rating 			[4.02418204e-05 1.99689114e+03 2.95537003e+01 4.56812908e-07]
envy 			[2.51675937e-05 1.99907740e+03 2.08416361e+01 6.50837963e-07]
joan 			[2.06841543e-05 1.99614316e+03 9.33578732e+00 1.19717694e-07]
quantify 			[1.47102192e-05 1.99503441e+03 1.04526360e+01 6.50126133e-07]
pool 			[3.76313700e-05 1.99802997e+03 1.55810398e+01 1.42976779e-06]
speeds 			[1.68422311e-05 1.99800966e+03 3.77260111e+01 1.07576899e-06]
african 			[ 3.69213901e-05  1.99401665e+03  1.42560730e+01 -8.64864287e-07]
rule-bound 			[-3.08774396e-05  1.99308598e+03 -1.22502191e+01  3.00004388e-05]
stick 			[1.82180062e-05 1.99709591e+03 7.85812046e+00 1.48877582e-06]
deviate 			[ 1.59183648e-05  1.99404089e+03  1.25910563e+01 -1.12103034e-07]
planners 			[ 7.53985738e-05  2.00200436e+03  1.36807415e+01 -6.87771095e-07]
gun 			[2.53493025e-05 1.99680241e+03 1.90646006e+00 5.80302372e-07]
individuation 			[1.10434420e-04 2.00305990e+03 2.86379644e+01 2.85508067e-07]
median 			[1.94698636e-04 1.99700276e+03 2.31905628e+00 1.79218788e-06]
impeachment 			[2.98789930e-04 1.99744685e+03 3.43682260e+01 3.63475703e-06]
dependents 			[ 9.20796602e-05  2.00300934e+03  1.57492228e+01 -1.10987234e-06]
misdemeanors 			[4.20776064e-05 1.99747465e+03 3.53073440e+01 4.18388364e-07]
kahan 			[ 1.92563623e-05  1.99418116e+03  1.94021095e+00 -1.95192416e-07]
arms 			[2.27197963e-05 1.99616602e+03 1.10440131e+01 9.26699273e-07]
stocks 			[1.61852278e-05 1.99701388e+03 2.24125060e+01 6.00146437e-08]
positional 			[3.46456170e-05 1.99904718e+03 3.30241336e+01 1.14203227e-06]
heinonline 			[ 4.22529787e-05  1.99401223e+03  2.36788651e+01 -1.35932001e-06]
internet 			[ 5.86005975e-05  1.99425519e+03  3.19653355e+01 -8.82455571e-10]
supportive 			[2.02924362e-05 1.99775050e+03 6.03667093e-01 2.44283448e-07]
cap 			[2.15650577e-05 1.99606074e+03 1.07205033e+01 2.50137810e-07]
jstor 			[ 5.53063977e-05  1.99401529e+03  1.71614700e+01 -1.79207396e-06]
archive 			[ 2.40433901e-05  1.99422620e+03  3.15790556e+01 -9.78740985e-10]
http 			[2.55434329e-04 2.00081002e+03 7.42040791e-01 5.18976331e-06]
digital 			[4.98241210e-05 1.99804233e+03 9.04079387e+00 3.91335581e-06]
christine 			[5.08177251e-05 1.99915646e+03 3.00768850e+00 4.39467530e-06]
saul 			[2.49121011e-05 2.00189643e+03 1.05383018e+01 2.72351292e-06]
levmore 			[2.95830425e-05 2.00195656e+03 1.30409378e+01 2.73027149e-06]
randal 			[1.58895330e-04 2.00069718e+03 4.91769569e+00 5.83882530e-07]
traditionalism 			[ 2.14954181e-05  1.99497473e+03  2.90998461e+01 -1.66971370e-18]
ap 			[1.71648023e-05 1.99806290e+03 1.77243576e+01 1.03048286e-06]
er 			[ 3.68217599e-05  1.99802753e+03  1.27431050e+01 -1.40157191e-07]
contracting 			[ 1.61711715e-05  1.99480372e+03  1.11032369e+01 -2.48979461e-10]
heinzerling 			[ 1.19255145e-04  2.00104511e+03  6.47029653e-01 -4.34295637e-07]
12866 			[ 2.18271800e-05  1.99614926e+03 -1.78762675e+01  5.45558262e-06]
wiener 			[ 2.04337229e-05  1.99501243e+03  1.22793220e+01 -1.35715341e-07]
basketball 			[1.23160884e-05 1.99672621e+03 1.17916624e+01 7.29171057e-07]
smokers 			[ 5.21848152e-05  1.99700453e+03  8.27675117e-01 -6.93650097e-07]
curve 			[2.34773603e-05 2.00034789e+03 3.46859690e+01 1.60096031e-06]
1998 			[3.94937681e-04 1.99726795e+03 3.98678265e+00 1.37523903e-06]
unbound 			[ 1.47477329e-05  1.99403215e+03  9.76011883e+00 -4.73080569e-07]
inclinations 			[2.12088334e-05 1.99875183e+03 1.45370129e+01 6.06661119e-07]
reputational 			[ 1.27204129e-04  1.99563324e+03  9.46487587e-01 -2.89584806e-06]
ultimatum 			[3.12876675e-05 1.99597757e+03 1.07289442e+01 1.07505911e-06]
impeached 			[3.95347578e-05 1.99737350e+03 3.30258566e+01 1.39500573e-06]
forexample 			[ 1.38876605e-05  1.99422680e+03  1.25723018e+01 -8.92334662e-08]
democrat 			[5.20764891e-05 2.00202494e+03 2.01041003e+01 3.87814070e-06]
com 			[1.87686168e-05 1.99790816e+03 1.16614640e+01 1.40317113e-06]
westlaw 			[2.95764840e-05 2.00050847e+03 4.74760095e+01 2.29179475e-06]
health-health 			[ 4.93439024e-05  1.99526669e+03  3.45520419e+01 -5.04529571e-13]
toxicologists 			[2.73364590e-05 2.00003949e+03 1.65121880e+01 7.25329054e-07]
life-years 			[4.52814259e-04 2.00211423e+03 2.79605815e+01 3.06248913e-05]
1999 			[ 6.68186570e-04  1.99877955e+03  1.81594349e+00 -5.18800752e-06]
treason 			[2.85874503e-05 1.99734002e+03 4.24729279e+01 7.31224682e-07]
morbidity 			[ 2.29383517e-05  1.99502465e+03  1.62932183e+01 -6.39546454e-07]
sarah 			[ 1.99071671e-05  1.99601337e+03  2.94594202e+01 -2.31504692e-19]
entrepreneurs 			[ 2.85531801e-05  1.99600654e+03  7.74482739e-01 -9.15292012e-07]
unsure 			[2.45209570e-05 1.99828998e+03 1.05687994e+00 8.00552109e-07]
goldsmith 			[6.16942307e-05 2.00105554e+03 9.65862371e+00 4.02905248e-06]
decisional 			[ 2.49440004e-05  1.99509808e+03  1.02813569e+01 -5.58576985e-07]
outraged 			[2.10729303e-05 2.00100434e+03 1.79570229e+01 1.98794924e-06]
lott 			[1.09396503e-04 2.00100845e+03 2.93890602e+01 2.96106991e-06]
player 			[ 4.88485502e-05  1.99520384e+03  1.26241075e+01 -3.60021610e-07]
camerer 			[ 2.78076851e-05  1.99602532e+03  3.56670922e+01 -8.69267562e-20]
risk-taking 			[2.32332757e-05 1.99803633e+03 2.59174978e+01 1.45786940e-06]
kuran 			[5.71759496e-05 1.99711228e+03 1.21495166e+00 1.19396393e-06]
psychol 			[3.96505761e-05 1.99914372e+03 3.03487373e+01 3.08823979e-06]
https 			[ 5.02797789e-05  1.99953667e+03  8.10598045e-01 -2.15469237e-07]
//chicagounbound.uchicago.edu/law_and_economics 			[ 5.34444168e-05  2.00029382e+03  5.28629019e-01 -8.88603551e-07]
schkade 			[ 1.21741763e-04  1.99668584e+03  1.05314700e+01 -8.72601070e-09]
verdict 			[6.62838390e-05 1.99838652e+03 3.77746418e+00 1.26331249e-06]
caps 			[ 2.31129175e-05  1.99623367e+03  3.07787651e+01 -8.94735400e-10]
outrageousness 			[ 2.02648122e-05  1.99601189e+03  1.73097492e+01 -5.23809953e-07]
juror 			[ 3.90904555e-05  1.99731847e+03  2.55280835e+00 -8.16815657e-08]
trials 			[ 3.42059626e-05  1.99614854e+03  1.34762685e+01 -3.61759712e-07]
panic 			[ 1.95839305e-05  1.99604682e+03  1.94365464e+01 -4.11132586e-07]
guy 			[ 1.56018205e-05  1.99600288e+03  2.29244946e+01 -4.08013085e-07]
allerfree 			[ 2.02077231e-05  1.99621612e+03  2.89118880e+01 -2.04782219e-09]
asthma 			[ 2.26467394e-05  1.99626809e+03  3.06746175e+01 -6.86251927e-13]
socio-economic 			[4.60018711e-05 2.00034399e+03 3.32852492e+01 1.50466058e-06]
software 			[3.70212548e-05 1.99941927e+03 1.65359939e+00 1.30091402e-06]
itis 			[ 2.38393142e-05  1.99603380e+03  2.02482012e+01 -5.46188436e-07]
dread 			[3.07497984e-05 2.00014716e+03 1.13457475e+01 1.16560348e-06]
jolls 			[6.63717488e-05 1.99923581e+03 1.37853873e+01 3.10279906e-06]
waivable 			[6.60358617e-05 1.99904749e+03 4.00360962e+01 2.17492486e-06]
ritov 			[ 2.90750192e-05  1.99604117e+03  1.47191381e+01 -6.87150750e-07]
switching 			[2.78902023e-05 2.00017848e+03 1.22717001e+01 1.69648849e-06]
self-serving 			[ 3.17891345e-05  1.99603817e+03  1.31676168e+01 -7.74980199e-07]
rabin 			[ 1.90487669e-05  1.99725225e+03  1.18597623e+00 -2.78665452e-07]
modulus 			[ 3.74060243e-05  1.99604165e+03  1.20237548e+01 -9.12020606e-07]
anchoring 			[2.48299513e-05 1.99865412e+03 1.07531099e+00 3.83990932e-07]
representativeness 			[5.01237322e-05 2.00107043e+03 1.40824451e+01 7.38000507e-07]
issacharoff 			[ 4.75376046e-05  2.00211918e+03  4.41108937e-01 -3.46114062e-07]
computational 			[4.89365778e-05 2.00043946e+03 3.84833079e+01 8.28099619e-07]
brain 			[4.42339787e-05 2.00051584e+03 2.77826077e+00 2.36586521e-06]
patrol 			[ 3.68598858e-05  1.99804982e+03  2.58408868e+01 -1.60711383e-15]
cents 			[ 4.19772092e-05  2.00233460e+03  3.57643295e-01 -6.22192214e-07]
impeachable 			[ 3.78150980e-05  1.99721230e+03  2.92007245e+01 -4.01030578e-09]
obesity 			[4.10361907e-05 2.00099086e+03 3.24270051e+00 7.37221500e-07]
teams 			[4.72733339e-05 2.00300122e+03 1.91070271e+01 2.47652987e-06]
magazines 			[ 1.79981779e-05  1.99800743e+03  3.08248050e+01 -2.76344499e-20]
sta 			[ 3.89076573e-05  1.99804795e+03  2.82770716e+01 -2.12961977e-16]
6.1 			[7.45928570e-05 2.00297432e+03 1.96930259e+01 1.28850901e-06]
fr 			[ 6.44062216e-05  2.00208902e+03  1.14420081e+01 -2.90350703e-07]
crash 			[ 1.81165719e-05  1.99800799e+03  3.02568769e+01 -5.66307700e-18]
polarization 			[ 3.66415095e-04  1.99800990e+03  2.13300747e+01 -7.84801371e-06]
predisposed 			[ 6.90176855e-05  2.00196883e+03  4.47677162e-01 -1.31107047e-06]
predeliberation 			[7.19846420e-05 1.99866288e+03 1.59885316e+01 8.52847171e-10]
karpoff 			[ 2.29973970e-05  1.99934516e+03  1.19389120e+00 -1.53966329e-07]
rises 			[-2.40531157e-05  2.00008383e+03 -1.10769312e+01  2.47425425e-05]
1,000 			[ 1.94678060e-05  1.99809436e+03  1.34563259e+01 -2.82321356e-07]
• 			[ 6.29184421e-05  1.99882681e+03  4.33686386e+00 -1.33251505e-07]
winner-take-all 			[ 2.40591209e-05  1.99822693e+03  3.63640787e+01 -1.05942646e-18]
arsenic 			[ 2.71135353e-04  2.00001120e+03  1.37872426e+01 -4.45003929e-06]
montanans 			[ 1.68153362e-05  1.99802318e+03  1.12068584e+01 -3.56043464e-07]
motorists 			[ 2.24617689e-05  1.99820596e+03  3.01259683e+01 -2.35175112e-09]
roadway 			[ 1.56988467e-05  1.99820865e+03  2.97815332e+01 -1.62856480e-09]
weisbach 			[-1.60340362e-04  2.00104635e+03 -2.33505300e+01  1.61342753e-04]
cell 			[ 3.27473585e-05  1.99998493e+03  6.69330828e-01 -4.09626858e-07]
right-to-carry 			[ 2.11253025e-05  1.99901918e+03  1.78633738e+00 -1.60099740e-07]
wil 			[ 1.63057883e-05  1.99802318e+03  1.12068638e+01 -3.45252430e-07]
congres 			[ 2.75201654e-05  1.99802297e+03  1.13111167e+01 -5.84957364e-07]
ng 			[ 1.98756946e-05  1.99802297e+03  1.13111226e+01 -4.22464917e-07]
vant 			[ 1.52866797e-05  1.99802318e+03  1.12068641e+01 -3.23673457e-07]
ute 			[ 2.19142237e-05  1.99802297e+03  1.13111195e+01 -4.65795622e-07]
ty 			[ 1.63057883e-05  1.99802318e+03  1.12068638e+01 -3.45252430e-07]
plaintif 			[ 3.36357651e-05  1.99802297e+03  1.13111206e+01 -7.14951018e-07]
akins 			[ 1.86539745e-05  1.99806944e+03  1.16141438e+01 -3.39882705e-07]
eal 			[ 5.86808933e-05  1.99910565e+03  2.58642254e+01 -3.20538279e-14]
dose-response 			[3.21027444e-05 2.00044743e+03 3.32508379e+01 5.11777884e-07]
nab 			[ 4.64412161e-05  1.99800534e+03  1.24290416e+01 -1.00629747e-06]
recollections 			[ 3.16223456e-05  1.99905152e+03  1.37019752e+01 -3.61866617e-07]
rasmussen 			[4.02294180e-05 2.00109270e+03 3.31882640e+00 8.25469387e-07]
enclave 			[2.98377424e-05 1.99903166e+03 3.63236717e+01 3.67453480e-19]
extremism 			[ 3.16558846e-05  1.99814953e+03  1.01159347e+01 -3.95784557e-07]
like-minded 			[ 7.44136808e-05  1.99900556e+03  1.42521042e+01 -4.41608334e-07]
nonwaivable 			[ 6.97249732e-05  1.99901284e+03  2.25031390e+01 -1.35317162e-06]
toxicology 			[ 4.22034700e-05  2.00009185e+03  1.36759198e+01 -1.90609811e-07]
arithmetic 			[-4.68674413e-05  2.00038354e+03 -2.86724157e+00  4.68104150e-05]
vsly 			[ 1.63079073e-04  2.00200911e+03  1.68120421e+01 -1.84293914e-06]
vsl 			[7.68279949e-04 2.00299550e+03 2.93035798e+01 1.43338418e-06]
enclaves 			[ 3.48622313e-05  1.99922456e+03  3.21351961e+01 -1.31787107e-09]
rasmusen 			[ 3.20902093e-05  2.00001544e+03  2.19125947e+01 -6.05253596e-08]
meningitis 			[ 3.24215897e-05  1.99922505e+03  2.99220066e+01 -2.01246434e-09]
tomas 			[ 3.83315138e-05  2.00007461e+03  1.17436039e+01 -5.79592042e-07]
ppb 			[ 8.90693907e-05  2.00027662e+03  3.35202532e+01 -1.05080466e-12]
1/10,000 			[ 6.62121278e-05  2.00301419e+03  2.52571945e+01 -6.25052828e-07]
branting 			[ 2.94087709e-05  2.00025955e+03  3.19061568e+01 -2.67359907e-13]
terrorists 			[ 5.01513642e-05  2.00101999e+03  1.68550965e+01 -6.06802934e-07]
shark 			[ 2.62048412e-05  2.00020768e+03  2.92762340e+01 -3.20230314e-09]
ata 			[6.84406531e-05 2.00022278e+03 4.15654607e+01 8.58256134e-19]
sdwa 			[ 2.74910279e-05  2.00000929e+03  1.23772390e+01 -5.06067688e-07]
cloning 			[ 8.19021610e-05  2.00127557e+03  3.37593960e+01 -6.05646854e-13]
clone 			[ 3.21146685e-05  2.00100630e+03  1.86123217e+01 -5.49519399e-07]
saboteurs 			[ 4.04993235e-05  2.00100904e+03  1.98334375e+01 -6.89201102e-07]
quirin 			[ 2.97052717e-05  2.00102014e+03  1.56558853e+01 -4.95409570e-07]
antenatal 			[ 2.12391172e-04  2.00211337e+03  1.44178404e+01 -1.82890302e-06]
corticosteroids 			[ 1.14431092e-04  2.00212285e+03  1.87467040e+01 -5.91777411e-07]
